1730149813583
1730313829151,1,3,-2.0429516,3.7709582,8.29515
1730313829161,1,3,-1.8872753,3.8452039,8.225695
1730313829171,1,3,-1.6908838,3.8559813,8.122708
1730313829181,1,3,-1.773512,3.8775365,7.947872
1730313829191,1,3,-1.6214283,3.878734,7.9275146
1730313829200,1,3,-1.5388,3.8308337,7.9646373
1730313829210,1,3,-1.5112573,3.7769458,8.000563
1730313829220,1,3,-1.5148499,3.7996986,8.096363
1730313829230,1,3,-1.5735278,3.8188586,8.177794
1730313829240,1,3,-1.4250367,3.9410048,8.208929
1730313829250,1,3,-1.2513977,3.9290295,8.079598
1730313829259,1,3,-1.2178674,4.0499783,8.041278
1730313829269,1,3,-1.1508069,4.2415795,7.891589
1730313829279,1,3,-1.233435,4.4966493,8.047266
1730313829289,1,3,-1.2981006,4.9624805,7.919132
1730313829299,1,3,-1.4418018,5.6630235,7.3215747
1730313829309,1,3,-1.5986755,6.6246243,6.828201
1730313829319,1,3,-1.6369958,7.599397,5.82828
1730313829328,1,3,-2.071692,8.656798,4.5349693
1730313829338,1,3,-1.8729053,9.55972,2.738705
1730313829348,1,3,-0.47062135,9.363329,0.7197034
1730313829358,1,3,1.4429992,8.128696,-1.6908838
1730313829368,1,3,-1.0262659,6.114485,-3.9398072
1730313829378,1,3,-2.1459374,2.384242,-5.6223083
1730313829387,1,3,-2.039359,-1.470542,-5.6953564
1730313829397,1,3,-0.91849,-4.519402,-6.2905188
1730313829407,1,3,-0.27782226,-6.822213,-6.0965223
1730313829417,1,3,0.6262976,-10.059082,-5.3612514
1730313829427,1,3,1.8106347,-14.340179,-3.6308496
1730313829437,1,3,2.2201831,-16.363972,0.13292359
1730313829446,1,3,4.0835085,-17.87882,1.4058765
1730313829456,1,3,5.9911413,-20.150497,1.5771203
1730313829466,1,3,6.4545774,-19.277512,-0.58438474
1730313829476,1,3,8.194559,-19.52899,-2.259701
1730313829486,1,3,8.514295,-19.67748,0.31374756
1730313829496,1,3,9.971663,-19.113453,2.9518616
1730313829505,1,3,8.601712,-18.815273,3.9457946
1730313829515,1,3,6.5048733,-17.041761,8.126301
1730313829525,1,3,4.9936156,-16.28733,13.656402
1730313829535,1,3,3.2596216,-16.793877,19.148182
1730313829545,1,3,2.102827,-17.86924,16.762741
1730313829555,1,3,0.9675879,-20.358864,11.5751295
1730313829565,1,3,-0.3568579,-21.31208,3.0249097
1730313829574,1,3,0.9472302,-16.717236,-8.954978
1730313829584,1,3,7.841294,-6.411467,-14.477893
1730313829594,1,3,15.851437,8.408914,-9.976454
1730313829604,1,3,8.931027,13.452825,-5.4750147
1730313829614,1,3,3.9901025,14.045592,0.3065625
1730313829624,1,3,1.3927039,10.011182,7.213799
1730313829633,1,3,1.7950672,5.8342676,10.768008
1730313829643,1,3,1.9279907,2.3722668,3.6284547
1730313829653,1,3,-1.8010547,11.02188,20.35527
1730313829663,1,3,-3.5015185,9.20406,15.192806
1730313829673,1,3,-4.2559495,7.33355,15.603552
1730313829683,1,3,-1.839375,2.6249413,8.528665
1730313829692,1,3,2.630929,-0.12573853,-0.7831714
1730313829702,1,3,7.9694276,-0.9340576,0.3329077
1730313829712,1,3,10.328522,-1.5938855,-0.83346677
1730313829722,1,3,8.65081,-1.289718,-0.34009278
1730313829732,1,3,9.020841,2.8440857,-0.9951306
1730313829742,1,3,8.01613,6.5791187,-1.8776953
1730313829751,1,3,5.8498354,7.1443434,-4.740941
1730313829761,1,3,1.9830762,2.9806018,-9.933344
1730313829771,1,3,1.6142431,-1.465752,-13.565391
1730313829781,1,3,2.3662794,-7.739506,-15.837067
1730313829791,1,3,4.101471,-9.346563,-17.610579
1730313829801,1,3,5.52052,-7.9814024,-22.636528
1730313829811,1,3,3.735033,-14.220428,-23.074816
1730313829820,1,3,1.5112573,-16.914825,-18.91706
1730313829830,1,3,4.8187795,-16.696878,-19.63916
1730313829840,1,3,8.673563,-18.68714,-13.494738
1730313829850,1,3,5.950426,-19.618803,-11.063793
1730313829860,1,3,6.3863196,-20.666624,-9.372909
1730313829870,1,3,5.015171,-20.751646,-2.13037
1730313829879,1,3,5.101392,-17.548307,2.738705
1730313829889,1,3,5.971981,-13.016932,2.3243666
1730313829899,1,3,5.8905506,-11.365565,0.14370117
1730313829909,1,3,4.364923,-12.846885,1.8022522
1730313829919,1,3,3.5122962,-15.740068,0.45625123
1730313829929,1,3,3.7074902,-18.478773,0.97118044
1730313829938,1,3,4.196074,-18.127903,2.9183314
1730313829948,1,3,3.98172,-20.501368,0.24668701
1730313829958,1,3,3.7170703,-23.94301,2.3291564
1730313829968,1,3,2.6560767,-20.180435,9.758507
1730313829978,1,3,2.4788451,-20.776794,-2.6848168
1730313829988,1,3,1.3903089,-23.352638,-9.104667
1730313829998,1,3,-1.3495935,-19.512224,-5.846243
1730313830007,1,3,4.3517504,-4.843927,-1.421444
1730313830017,1,3,2.6512866,1.9136206,-2.3638842
1730313830027,1,3,8.55501,3.666775,1.4154565
1730313830037,1,3,5.3875966,-3.9050794,-0.17363891
1730313830047,1,3,2.6225464,-8.202942,-0.5340893
1730313830057,1,3,5.771997,-6.9599266,-1.0142908
1730313830066,1,3,11.746373,-1.3735437,-0.20477417
1730313830076,1,3,11.443403,-1.1064991,-0.9592053
1730313830086,1,3,9.801618,5.595963,-1.9986438
1730313830096,1,3,4.461921,12.122392,-5.292993
1730313830106,1,3,3.1231055,11.795471,-6.307284
1730313830116,1,3,3.509901,8.413704,-6.901249
1730313830125,1,3,4.863087,1.4741346,-6.7551527
1730313830135,1,3,3.7278478,-1.5016773,-5.821095
1730313830145,1,3,6.758745,2.5075855,-6.380332
1730313830155,1,3,9.239985,-6.0689793,-12.846885
1730313830165,1,3,5.7516394,-7.8712316,-8.566985
1730313830175,1,3,7.96344,-12.169094,-13.52707
1730313830185,1,3,5.379214,-18.159039,-5.982759
1730313830194,1,3,3.0273046,-21.621038,-2.9051588
1730313830204,1,3,8.3957405,-26.983488,-2.3543043
1730313830214,1,3,11.388318,-24.018454,-0.64545774
1730313830224,1,3,8.661588,-21.388721,3.9505847
1730313830234,1,3,9.873468,-16.52324,9.147778
1730313830244,1,3,7.1658983,-17.629738,9.990824
1730313830253,1,3,4.4655137,-19.351757,9.926159
1730313830263,1,3,3.5003211,-17.78302,-2.9614418
1730313830273,1,3,0.11735596,-13.990506,-3.7757483
1730313830283,1,3,-0.66701293,-10.68059,-6.71803
1730313830293,1,3,4.242777,-6.2474084,-14.071938
1730313830303,1,3,8.780142,5.562433,-12.050541
1730313830312,1,3,9.804012,14.447955,-5.259463
1730313830322,1,3,3.7673657,13.021721,5.3313136
1730313830332,1,3,2.7207422,5.19839,10.066267
1730313830342,1,3,0.77838135,4.003275,9.650731
1730313830352,1,3,-3.4021254,9.104667,17.424965
1730313830362,1,3,-3.1494508,12.716356,15.608342
1730313830371,1,3,-1.0741663,9.940529,3.1434631
1730313830381,1,3,3.446433,8.317903,-7.4461155
1730313830391,1,3,9.693842,3.0967603,-4.7936316
1730313830401,1,3,12.776232,-3.627257,-1.1196716
1730313830411,1,3,10.688972,-7.303612,-0.7580237
1730313830421,1,3,7.3491173,-6.375542,0.48618898
1730313830430,1,3,6.236631,-0.6933582,1.9878662
1730313830440,1,3,5.5827904,2.9362938,-0.9340576
1730313830450,1,3,5.3971767,2.8596532,-6.709647
1730313830460,1,3,6.072572,1.7280066,-9.135802
1730313830470,1,3,4.7469287,-1.5016773,-11.042237
1730313830480,1,3,5.6582336,-1.5376025,-16.456179
1730313830490,1,3,4.1948767,-7.2640944,-23.44365
1730313830499,1,3,3.67396,-12.904366,-26.084158
1730313830509,1,3,2.6045837,-17.592615,-25.144112
1730313830519,1,3,1.9112256,-20.275038,-27.59781
1730313830529,1,3,5.659431,-19.240389,-23.727459
1730313830539,1,3,8.234077,-18.834435,-18.47039
1730313830549,1,3,6.0809546,-23.921455,-16.271763
1730313830558,1,3,3.5817518,-27.603798,-9.057964
1730313830568,1,3,4.099076,-24.22203,1.0035132
1730313830578,1,3,6.827003,-20.338507,10.97398
1730313830588,1,3,4.6247826,-16.702866,9.336984
1730313830598,1,3,0.554447,-12.290043,4.3074427
1730313830608,1,3,0.40236327,-12.628938,2.7518775
1730313830617,1,3,0.1951941,-16.207098,1.0562036
1730313830627,1,3,1.9675086,-16.943565,0.95321774
1730313830637,1,3,2.2656884,-19.008072,1.5256275
1730313830647,1,3,1.5232325,-23.364613,-4.3122325
1730313830657,1,3,4.482279,-20.319345,3.4596057
1730313830667,1,3,3.2033386,-15.002402,6.963519
1730313830677,1,3,2.3698719,-15.692168,-9.780063
1730313830686,1,3,0.55803955,-15.358063,-10.424322
1730313830696,1,3,1.233435,-5.54926,0.64665526
1730313830706,1,3,8.9442005,4.0811133,4.575685
1730313830716,1,3,5.381609,-2.6141639,0.38080812
1730313830726,1,3,7.108418,-3.046465,-0.7879614
1730313830736,1,3,8.55022,-5.925278,-0.5137317
1730313830745,1,3,7.588619,-6.6354017,0.82268924
1730313830755,1,3,13.639636,-0.086220704,0.5053491
1730313830765,1,3,10.981165,2.8416908,-1.7627344
1730313830775,1,3,6.5192432,5.003196,-3.3087194
1730313830785,1,3,-1.6789087,11.868519,-5.5899754
1730313830795,1,3,-1.1160791,12.17149,-8.91067
1730313830805,1,3,3.7458105,9.7956295,-7.707173
1730313830814,1,3,7.066505,4.1218286,-6.8952613
1730313830824,1,3,8.260423,6.1540027,-8.278385
1730313830834,1,3,10.546469,4.7445335,-11.94516
1730313830844,1,3,7.5035963,-0.4263135,-13.473183
1730313830854,1,3,7.2509217,-9.407637,-13.662389
1730313830864,1,3,2.1950355,-15.541282,-16.713644
1730313830873,1,3,10.812316,-24.660318,-21.016296
1730313830883,1,3,10.855426,-38.260437,-14.025234
1730313830893,1,3,11.735596,-39.15857,-2.7255323
1730313830903,1,3,11.24342,-37.367096,7.1635036
1730313830913,1,3,6.6354017,-30.787975,12.292438
1730313830923,1,3,1.0585986,-20.64866,15.405963
1730313830932,1,3,-1.3328284,-17.54232,14.640755
1730313830942,1,3,-1.2945081,-16.137642,0.8849597
1730313830952,1,3,1.959126,-13.831238,-11.854149
1730313830962,1,3,3.2727942,-10.277029,-21.641396
1730313830972,1,3,4.8714695,-3.8655615,-22.6497
1730313830982,1,3,8.380174,7.619755,-12.94029
1730313830992,1,3,8.29036,14.288687,-1.1388317
1730313831001,1,3,0.52091676,7.0808754,12.511582
1730313831011,1,3,-0.5185217,1.3172607,6.7527575
1730313831021,1,3,-5.749244,10.851833,8.449629
1730313831031,1,3,-6.1911254,8.988508,15.510146
1730313831041,1,3,-2.5806336,6.222261,6.5048733
1730313831051,1,3,0.97597045,3.5721717,1.2741504
1730313831060,1,3,5.2702403,3.793711,-6.300099
1730313831070,1,3,13.003758,2.0752845,-3.7745507
1730313831080,1,3,17.713564,-2.1782703,4.221222
1730313831090,1,3,15.423925,-4.1685314,0.6442602
1730313831100,1,3,9.104667,-4.2224193,1.2106824
1730313831110,1,3,4.6822634,-1.2274475,2.5171654
1730313831119,1,3,3.505111,-1.1963123,-0.8310718
1730313831129,1,3,5.070256,-1.84177,-3.37578
1730313831139,1,3,7.369475,-1.7495618,-4.6319675
1730313831149,1,3,6.201903,-0.8921448,-7.9155397
1730313831159,1,3,6.0342517,1.6968713,-15.247891
1730313831169,1,3,5.9420433,1.1879296,-20.897743
1730313831179,1,3,5.9516234,-6.1276574,-22.528751
1730313831188,1,3,3.554209,-14.70063,-22.28925
1730313831198,1,3,3.676355,-15.348483,-20.227137
1730313831208,1,3,6.4497876,-17.16271,-18.683548
1730313831218,1,3,5.8582177,-21.949156,-16.745977
1730313831228,1,3,4.9696655,-23.911875,-12.709171
1730313831238,1,3,3.3398547,-23.435266,-5.2283278
1730313831247,1,3,5.0475035,-20.458258,1.8118323
1730313831257,1,3,8.505912,-15.2754345,6.0713744
1730313831267,1,3,6.0761647,-13.579761,2.8524683
1730313831277,1,3,0.5149292,-14.018049,1.2669654
1730313831287,1,3,2.1782703,-12.027788,3.4895434
1730313831297,1,3,1.4429992,-15.328125,0.34248778
1730313831306,1,3,1.658551,-17.779427,2.9195287
1730313831316,1,3,2.77463,-21.624632,-1.3735437
1730313831326,1,3,3.2991395,-25.96321,-6.0330544
1730313831336,1,3,5.3205357,-20.988754,3.8871167
1730313831346,1,3,4.5074267,-14.968872,-3.8883142
1730313831356,1,3,2.7782226,-15.656242,-10.479408
1730313831366,1,3,5.894143,-9.513018,-2.9817994
1730313831375,1,3,4.5062294,-4.2032595,-2.9362938
1730313831385,1,3,0.97237796,-4.2319994,1.5914905
1730313831395,1,3,7.747888,0.368833,4.382886
1730313831405,1,3,6.581514,-2.3662794,4.524192
1730313831415,1,3,4.6571155,-6.12646,2.123185
1730313831425,1,3,4.8918276,-7.8424916,-0.5760022
1730313831434,1,3,9.782457,-0.7424561,-1.0957215
1730313831444,1,3,8.067623,1.583108,-3.4440382
1730313831454,1,3,8.98731,5.342091,-2.6931994
1730313831464,1,3,7.739506,3.3434472,-4.311035
1730313831474,1,3,4.963678,2.2848487,-3.8727465
1730313831484,1,3,3.2500415,1.2394226,-4.0499783
1730313831494,1,3,2.027384,0.5999524,-6.0414367
1730313831503,1,3,3.373385,4.0535707,-4.813989
1730313831513,1,3,5.124144,6.6701293,-5.2235374
1730313831523,1,3,11.260184,4.804409,-7.0018396
1730313831533,1,3,10.564431,2.398612,-9.471105
1730313831543,1,3,9.932146,-10.254276,-13.724659
1730313831553,1,3,9.15137,-18.236876,-14.117443
1730313831562,1,3,1.470542,-22.460493,-6.441405
1730313831572,1,3,-0.3676355,-21.776714,-5.221143
1730313831582,1,3,6.937174,-26.85176,-6.291716
1730313831592,1,3,5.686974,-25.333319,-3.9853125
1730313831602,1,3,10.423125,-20.030746,-5.7839723
1730313831612,1,3,4.712201,-14.274317,-5.243895
1730313831622,1,3,3.6571949,-5.498965,-1.350791
1730313831631,1,3,7.8544664,-1.9136206,2.5171654
1730313831641,1,3,8.709489,-5.8294773,6.6138463
1730313831651,1,3,7.1898484,-9.608818,9.352551
1730313831661,1,3,7.652087,-16.432228,4.511019
1730313831671,1,3,5.024751,-21.49051,8.184979
1730313831681,1,3,0.6274951,-22.198238,17.96624
1730313831690,1,3,-2.982997,-23.141876,9.724977
1730313831700,1,3,-3.9721398,-15.713723,-5.2965856
1730313831710,1,3,2.9482691,-4.5217967,-8.33347
1730313831720,1,3,12.998968,7.2808595,-9.46871
1730313831730,1,3,10.005194,13.603711,-2.711162
1730313831740,1,3,2.842888,5.629493,3.3362622
1730313831749,1,3,2.215393,-4.580475,9.7393465
1730313831759,1,3,-1.411864,-0.80113405,5.8390574
1730313831769,1,3,-0.80592406,2.882406,14.11864
1730313831779,1,3,0.8298743,7.6053843,14.813196
1730313831789,1,3,0.6658154,9.952503,3.4057178
1730313831799,1,3,3.7577856,7.9454775,-4.942123
1730313831809,1,3,7.021,5.101392,-5.492977
1730313831818,1,3,11.193124,0.8358618,1.2729529
1730313831828,1,3,11.312875,-3.2775843,-2.3662794
1730313831838,1,3,7.9694276,-3.185376,0.6514453
1730313831848,1,3,7.5610766,0.4514612,2.342329
1730313831858,1,3,6.229446,1.8178198,-0.11855347
1730313831868,1,3,4.423601,2.0477417,-4.463119
1730313831877,1,3,5.037924,1.5376025,-7.08327
1730313831887,1,3,5.3612514,1.4837146,-9.760902
1730313831897,1,3,3.410508,-0.25147706,-12.151132
1730313831907,1,3,5.061874,0.24548951,-18.421293
1730313831917,1,3,4.5050316,-6.079757,-25.27105
1730313831927,1,3,3.6452198,-12.197834,-27.80498
1730313831936,1,3,4.3026524,-17.252523,-27.172693
1730313831946,1,3,3.075205,-21.902454,-27.71277
1730313831956,1,3,5.7528367,-21.522842,-16.665743
1730313831966,1,3,6.8808913,-21.741987,-16.732803
1730313831976,1,3,5.252278,-24.278313,-10.854229
1730313831986,1,3,5.2019825,-23.799309,3.8356237
1730313831996,1,3,5.78996,-20.170855,8.423284
1730313832005,1,3,6.2354336,-12.461287,0.8813672
1730313832015,1,3,2.6117687,-12.686419,1.5603552
1730313832025,1,3,1.1663746,-16.329243,-0.29817992
1730313832035,1,3,1.4226416,-17.969831,-0.62390256
1730313832045,1,3,3.3111145,-17.68722,3.4943335
1730313832055,1,3,4.2882824,-18.341059,6.563551
1730313832064,1,3,3.8847218,-22.30362,1.4789245
1730313832074,1,3,4.7157936,-22.699995,8.368198
1730313832084,1,3,3.8487964,-16.431032,6.4162574
1730313832094,1,3,0.28620484,-11.691288,-10.581196
1730313832104,1,3,2.7949877,-1.6118481,-7.728728
1730313832114,1,3,12.209809,8.214917,3.6631823
1730313832124,1,3,6.817423,-2.2213807,3.0967603
1730313832133,1,3,1.5711328,-12.668456,4.511019
1730313832143,1,3,8.685538,-9.121432,4.64514
1730313832153,1,3,9.044791,-9.297466,2.3926246
1730313832163,1,3,8.432864,-8.808882,1.5747254
1730313832173,1,3,14.226416,-2.4908204,0.9508228
1730313832183,1,3,12.445719,2.3806493,0.13891113
1730313832192,1,3,6.258186,9.592053,-1.5052698
1730313832202,1,3,1.773512,13.618081,-3.7230577
1730313832212,1,3,4.439169,13.198953,-2.3363416
1730313832222,1,3,6.526428,11.275752,-3.490741
1730313832232,1,3,10.474618,10.522518,-2.7925928
1730313832242,1,3,7.5658665,4.4331813,-6.7276096
1730313832251,1,3,3.432063,1.2909155,-7.868837
1730313832261,1,3,-1.5699353,-2.9710217,-7.8448863
1730313832271,1,3,10.212363,-3.8308337,-13.060041
1730313832281,1,3,4.4655137,-7.0976405,-9.551338
1730313832291,1,3,7.1994286,-17.494421,-15.753241
1730313832301,1,3,6.5851064,-23.672373,-13.189373
1730313832311,1,3,9.679471,-33.412918,-2.7638526
1730313832320,1,3,11.90205,-35.71573,4.2296047
1730313832330,1,3,7.6556797,-25.157286,2.6644592
1730313832340,1,3,2.123185,-17.639318,-3.0859826
1730313832350,1,3,-2.1076171,-16.092136,-8.077204
1730313832360,1,3,1.6250207,-15.426321,-14.595249
1730313832370,1,3,12.771441,-4.8570995,-16.69568
1730313832379,1,3,-0.81310916,11.27695,-11.527229
1730313832389,1,3,-29.414433,13.392949,-3.4847534
1730313832399,1,3,-12.824132,-2.8177404,9.038804
1730313832409,1,3,4.3301954,-16.195122,3.1446607
1730313832419,1,3,-5.0331335,-15.985558,-0.93765014
1730313832429,1,3,0.7580237,-10.41115,1.9327807
1730313832438,1,3,9.727372,-2.7410998,11.593092
1730313832448,1,3,3.1302905,-2.1136048,-2.0166063
1730313832458,1,3,-0.3939807,-5.7217016,-2.9794042
1730313832468,1,3,2.4860303,-9.328601,3.7338355
1730313832478,1,3,17.39383,-12.137959,11.639795
1730313832488,1,3,28.980934,-15.338902,20.800745
1730313832498,1,3,20.431911,-12.420571,18.756596
1730313832507,1,3,14.396462,-1.8094373,24.098686
1730313832517,1,3,7.994575,3.5685792,19.714603
1730313832527,1,3,6.6090565,1.1316468,12.953464
1730313832537,1,3,3.202141,-4.5229945,15.011982
1730313832547,1,3,3.185376,-8.947793,12.078083
1730313832557,1,3,1.8549427,-9.993219,9.659114
1730313832566,1,3,1.0023156,-6.2941113,6.1073
1730313832576,1,3,1.6968713,1.219065,-1.8693128
1730313832586,1,3,2.938689,-3.7206628,-16.477734
1730313832596,1,3,-6.7108445,-15.796351,-25.412355
1730313832606,1,3,-12.717554,-20.830683,-17.189054
1730313832616,1,3,-11.09852,-14.867084,-15.947238
1730313832626,1,3,-6.394702,-14.864689,-16.296911
1730313832635,1,3,-7.8077636,-20.087029,-9.995614
1730313832645,1,3,-7.599397,-18.017733,-5.1289344
1730313832655,1,3,3.7601807,-8.57417,-11.8565445
1730313832665,1,3,2.0094213,-4.33259,-20.688179
1730313832675,1,3,-4.0260277,-1.2669654,-11.394305
1730313832685,1,3,2.0333717,-3.1566358,-7.691605
1730313832694,1,3,0.18681152,-5.8654027,1.900448
1730313832704,1,3,2.3854394,-8.212522,1.3974938
1730313832714,1,3,11.400293,-7.470066,14.127023
1730313832724,1,3,14.342574,-11.894864,20.412752
1730313832734,1,3,12.321178,-7.389833,27.375072
1730313832744,1,3,6.0079064,-2.3507116,27.28526
1730313832753,1,3,8.92504,0.23111938,20.85104
1730313832763,1,3,9.267529,-1.2070899,16.233442
1730313832773,1,3,8.198152,-0.6490503,16.45498
1730313832783,1,3,5.50136,-2.3076012,13.0241165
1730313832793,1,3,5.645061,0.69096315,10.817105
1730313832803,1,3,6.993457,-0.13771363,-1.1436218
1730313832813,1,3,3.495531,1.4669495,-7.476053
1730313832822,1,3,4.357738,-7.0796776,-17.2154
1730313832832,1,3,-1.839375,-26.26618,-23.987318
1730313832842,1,3,-14.040802,-35.99355,-15.294595
1730313832852,1,3,-13.966557,-27.884014,-19.852318
1730313832862,1,3,-3.3805702,-18.56619,-16.227455
1730313832872,1,3,-1.6453785,-10.4494705,-7.9370947
1730313832881,1,3,-0.8921448,-7.4473133,-8.745414
1730313832891,1,3,4.263135,-3.68354,-16.184345
1730313832901,1,3,-0.81670165,2.76026,-3.6260595
1730313832911,1,3,-5.6151233,-1.7088464,-8.481961
1730313832921,1,3,0.7041357,-3.8607714,0.6753955
1730313832931,1,3,0.9699829,-7.04974,5.7444544
1730313832940,1,3,4.24637,-9.008866,14.0443945
1730313832950,1,3,9.402846,-8.331076,22.412592
1730313832960,1,3,15.544874,-8.503517,24.043602
1730313832970,1,3,16.495697,-5.999524,24.527395
1730313832980,1,3,13.409715,-0.7161108,23.67836
1730313832990,1,3,10.609937,-2.0453467,15.56164
1730313833000,1,3,6.492898,-0.87657714,18.931433
1730313833009,1,3,7.6461,-0.26345214,16.02268
1730313833019,1,3,7.204219,-1.1999048,11.166779
1730313833029,1,3,6.1695704,-0.183219,4.7038183
1730313833039,1,3,4.7624965,-4.296665,0.3329077
1730313833049,1,3,0.17483643,-6.13604,-3.3482373
1730313833059,1,3,-3.1482532,-19.352955,-15.95083
1730313833068,1,3,-6.980284,-30.385612,-20.497774
1730313833078,1,3,-7.7131605,-26.138046,-18.107546
1730313833088,1,3,-3.7745507,-18.567389,-19.79843
1730313833098,1,3,-1.3376184,-11.98827,-10.514135
1730313833108,1,3,0.14489868,-6.7455726,-2.0094213
1730313833118,1,3,3.9709425,-6.4078746,-13.966557
1730313833128,1,3,1.785487,-5.6019506,-16.410673
1730313833137,1,3,-8.359816,-4.3230104,-14.916182
1730313833147,1,3,-7.0581226,-4.8307543,-8.734636
1730313833157,1,3,-0.05149292,-2.572251,-0.9520203
1730313833167,1,3,-0.9939331,-2.9027636,7.125183
1730313833177,1,3,3.0344896,-3.0452673,13.273198
1730313833187,1,3,11.481724,-6.9383717,20.886965
1730313833196,1,3,15.143708,-10.77639,26.348808
1730313833206,1,3,10.40636,-6.8701134,29.1893
1730313833216,1,3,9.1202345,-2.567461,24.428001
1730313833226,1,3,10.932067,-2.2309606,16.215479
1730313833236,1,3,7.4461155,-0.64545774,22.084475
1730313833246,1,3,8.974138,0.4897815,18.929037
1730313833255,1,3,10.066267,-0.065863036,12.476854
1730313833265,1,3,8.466394,1.5028747,7.7814183
1730313833275,1,3,7.389833,1.6393908,1.3663586
1730313833285,1,3,6.212681,-9.321416,-6.204298
1730313833295,1,3,2.003434,-22.113214,-18.361418
1730313833305,1,3,-6.444998,-28.668385,-10.299782
1730313833315,1,3,-8.0436735,-20.069067,-19.078726
1730313833324,1,3,-3.2620165,-13.608501,-19.963686
1730313833334,1,3,0.019160157,-11.390713,-14.117443
1730313833344,1,3,-2.957849,-11.566747,-11.991863
1730313833354,1,3,-6.8006577,-15.074253,-5.8582177
1730313833364,1,3,2.8656409,-12.7918,-10.904524
1730313833374,1,3,0.13651611,-3.06323,-11.437416
1730313833383,1,3,-4.853507,0.9556128,-12.633728
1730313833393,1,3,-2.1315675,-3.2189062,0.55803955
1730313833403,1,3,2.1854553,-6.4018874,8.629255
1730313833413,1,3,6.4402075,-8.369396,2.7135572
1730313833423,1,3,4.2906775,-10.511741,7.884404
1730313833433,1,3,7.8257265,-15.586787,9.534573
1730313833442,1,3,22.038969,-16.058605,21.48572
1730313833452,1,3,20.646265,-8.297545,16.416662
1730313833462,1,3,10.390792,0.95321774,13.559403
1730313833472,1,3,9.875863,4.5840673,16.250208
1730313833482,1,3,7.547904,1.597478,13.7138815
1730313833492,1,3,8.516689,1.6705261,14.949712
1730313833502,1,3,10.37762,-0.80233157,12.270883
1730313833511,1,3,9.992022,-6.2725563,8.986114
1730313833521,1,3,10.629097,-10.277029,7.5131764
1730313833531,1,3,10.741663,-13.543836,5.367239
1730313833541,1,3,8.441246,-14.68626,2.5566833
1730313833551,1,3,5.2235374,-12.006233,-1.719624
1730313833561,1,3,2.3854394,-4.2727146,-2.2094054
1730313833570,1,3,1.0059083,5.9037232,12.240945
1730313833580,1,3,-7.084468,20.86541,9.190887
1730313833590,1,3,-14.995217,11.35359,-1.8860779
1730313833600,1,3,-15.519727,-7.3072047,-0.5137317
1730313833610,1,3,-10.644665,-21.41866,2.142345
1730313833620,1,3,-7.2569094,-31.311287,4.975653
1730313833630,1,3,-7.147936,-30.456266,2.692002
1730313833639,1,3,-8.826844,-17.051342,-4.27032
1730313833649,1,3,-9.426797,-8.289163,-5.273833
1730313833659,1,3,-2.586621,-7.01142,-2.8548632
1730313833669,1,3,1.3579761,-9.727372,2.9195287
1730313833679,1,3,8.614885,-12.672049,6.4090724
1730313833689,1,3,7.3024144,-9.323811,7.198231
1730313833698,1,3,8.513097,-2.0525317,6.4737377
1730313833708,1,3,10.662627,3.114723,8.249645
1730313833718,1,3,14.106665,6.819818,9.129814
1730313833728,1,3,14.497053,11.441009,8.031698
1730313833738,1,3,15.1700535,18.296751,7.3263645
1730313833748,1,3,17.918339,19.081121,7.04495
1730313833757,1,3,16.298107,13.331876,9.479487
1730313833767,1,3,13.079202,10.318942,9.062754
1730313833777,1,3,10.518926,8.762179,7.7359133
1730313833787,1,3,9.835148,7.3443274,6.6988697
1730313833797,1,3,6.786288,6.043832,5.384004
1730313833807,1,3,3.3362622,3.4212854,11.38712
1730313833817,1,3,-2.2764661,4.8307543,6.356382
1730313833826,1,3,-5.8390574,-2.2489233,11.160791
1730313833836,1,3,-16.064594,-6.7335973,12.020603
1730313833846,1,3,-11.702065,-7.2365513,8.701106
1730313833856,1,3,-8.835227,-6.7838926,8.190967
1730313833866,1,3,-7.38145,-7.4461155,3.5003211
1730313833876,1,3,-6.3695545,-4.9672704,0.87178713
1730313833885,1,3,-5.9540186,-2.9841943,1.2130774
1730313833895,1,3,-5.6414685,-4.3074427,-0.082628176
1730313833905,1,3,-4.9792457,-5.779182,-0.23590942
1730313833915,1,3,-1.0550061,-4.6619053,-1.1436218
1730313833925,1,3,2.2333558,-3.2236962,-3.150648
1730313833935,1,3,3.4691858,-1.2118798,-5.19839
1730313833944,1,3,6.653364,0.5113367,-7.232959
1730313833954,1,3,10.323731,2.0776794,-9.359736
1730313833964,1,3,8.566985,0.45625123,-10.9703865
1730313833974,1,3,6.9240017,-2.6632617,-11.360775
1730313833984,1,3,6.221063,-8.217312,-13.049264
1730313833994,1,3,7.625742,-12.620556,-10.144105
1730313834004,1,3,5.071454,-16.517252,-13.4815645
1730313834013,1,3,7.04974,-16.265776,-12.648098
1730313834023,1,3,8.84361,-16.178356,-14.66231
1730313834033,1,3,8.128696,-16.834593,-14.069542
1730313834043,1,3,7.1048255,-17.749489,-11.720028
1730313834053,1,3,6.394702,-16.58072,-9.794433
1730313834063,1,3,6.549181,-13.555811,-10.401569
1730313834072,1,3,7.4784484,-12.079281,-10.386003
1730313834082,1,3,7.9454775,-11.439811,-8.0305
1730313834092,1,3,8.078401,-12.657679,-2.5997937
1730313834102,1,3,6.973099,-15.312557,4.1541615
1730313834112,1,3,5.9133034,-14.456338,3.4560132
1730313834122,1,3,3.6883302,-12.567865,6.0570045
1730313834131,1,3,0.46942383,-15.185621,7.652087
1730313834141,1,3,1.8429675,-15.833474,1.475332
1730313834151,1,3,1.8154248,-16.531622,-0.17842895
1730313834161,1,3,3.8871167,-17.42736,1.5196398
1730313834171,1,3,3.805686,-18.38417,-2.15911
1730313834181,1,3,5.3995714,-19.665504,-0.39996827
1730313834191,1,3,5.070256,-20.486998,-0.62390256
1730313834200,1,3,5.6642213,-19.226019,-1.2394226
1730313834210,1,3,6.302494,-17.692009,-6.171965
1730313834220,1,3,3.920647,-19.877464,-8.5645895
1730313834230,1,3,3.739823,-21.539608,-8.647218
1730313834240,1,3,6.605464,-21.982687,-8.144264
1730313834250,1,3,8.691525,-21.647385,-8.741821
1730313834259,1,3,8.572972,-21.006716,-7.9742174
1730313834269,1,3,7.2006264,-18.373392,-7.6724453
1730313834279,1,3,4.860692,-13.625266,-8.078401
1730313834289,1,3,1.9699036,-5.80433,-4.409231
1730313834299,1,3,-0.67898804,4.92416,-2.9530592
1730313834309,1,3,-1.4262341,13.359419,-3.3925452
1730313834318,1,3,-3.8320312,20.90852,-2.2944288
1730313834328,1,3,3.4548156,18.421293,-4.340973
1730313834338,1,3,0.31494507,15.795154,1.4693445
1730313834348,1,3,-4.5565248,12.045751,0.3568579
1730313834358,1,3,-7.1922436,-0.032332763,1.0597961
1730313834368,1,3,-1.7339941,-5.407954,6.525231
1730313834378,1,3,3.1302905,-6.4306273,9.902208
1730313834387,1,3,7.2724767,-5.22713,11.354788
1730313834397,1,3,7.322772,3.9481897,8.661588
1730313834407,1,3,-0.6490503,6.1587925,5.8007374
1730313834417,1,3,0.78915894,9.784852,5.2247353
1730313834427,1,3,5.748047,13.188175,4.184099
1730313834437,1,3,10.065069,15.973583,2.4872277
1730313834446,1,3,10.2878065,18.103952,1.780697
1730313834456,1,3,7.9370947,14.382092,0.9580078
1730313834466,1,3,7.5179663,7.946675,3.4164953
1730313834476,1,3,5.2019825,5.380411,2.5087829
1730313834486,1,3,4.60203,3.7003052,1.2082874
1730313834496,1,3,3.8523889,1.8573376,5.670209
1730313834506,1,3,3.920647,-0.11376343,7.106023
1730313834515,1,3,0.7592212,-1.5364051,9.433982
1730313834525,1,3,-3.1350806,-2.535128,10.41115
1730313834535,1,3,-4.7612987,-2.1387525,13.950989
1730313834545,1,3,-6.0593996,-2.0261865,16.778309
1730313834555,1,3,-7.870034,-2.4956102,18.227297
1730313834565,1,3,-10.260263,-3.446433,18.294357
1730313834574,1,3,-10.1752405,-1.3687537,15.123351
1730313834584,1,3,-5.613926,0.8346643,12.403806
1730313834594,1,3,2.2728736,2.6249413,10.195599
1730313834604,1,3,3.8140686,4.693041,6.558761
1730313834614,1,3,-0.35087037,3.0500574,5.373226
1730313834624,1,3,0.7496411,-0.19878662,6.724017
1730313834633,1,3,11.527229,-3.7482057,7.350315
1730313834643,1,3,18.227297,8.584948,5.157675
1730313834653,1,3,3.4895434,7.7838135,1.9411633
1730313834663,1,3,0.1353186,9.912986,1.9974463
1730313834673,1,3,3.5003211,12.187057,2.7375073
1730313834683,1,3,6.4749355,12.9115505,3.7038977
1730313834693,1,3,8.161029,12.255315,3.119513
1730313834702,1,3,9.265133,12.345128,2.8105555
1730313834712,1,3,7.691605,11.7511635,0.3796106
1730313834722,1,3,4.373306,9.443562,0.0742456
1730313834732,1,3,0.017962646,6.197113,0.5484595
1730313834742,1,3,-1.9878662,6.3204565,3.7996986
1730313834752,1,3,-4.724176,-0.5616321,-4.5984373
1730313834761,1,3,-7.113208,-7.389833,-8.53585
1730313834771,1,3,-1.8477576,-9.836346,-14.257551
1730313834781,1,3,3.6643798,-5.21276,-16.396303
1730313834791,1,3,7.003037,-2.499203,-23.776556
1730313834801,1,3,7.691605,-2.8129504,-27.809769
1730313834811,1,3,5.54926,-10.426718,-29.373716
1730313834821,1,3,6.3348265,-24.056774,-26.235044
1730313834830,1,3,12.128379,-35.98397,-11.72362
1730313834840,1,3,19.780466,-39.15857,0.47062135
1730313834850,1,3,12.990586,-33.533867,7.0078273
1730313834860,1,3,8.259225,-21.704865,7.244934
1730313834870,1,3,3.8368213,-15.92209,7.3095994
1730313834880,1,3,1.3232483,-12.161909,-3.051255
1730313834889,1,3,1.6357983,-7.1838613,-3.742218
1730313834899,1,3,5.6486535,-3.7877233,-4.4020457
1730313834909,1,3,8.606503,-2.1734803,-4.199667
1730313834919,1,3,6.0055113,-0.37003052,3.3937426
1730313834929,1,3,1.2382251,-0.58558226,2.2118006
1730313834939,1,3,-9.660312,0.2574646,2.3159838
1730313834949,1,3,-14.443165,-9.398057,4.362528
1730313834958,1,3,-7.003037,-12.063713,-0.67898804
1730313834968,1,3,0.53528684,-13.339062,-1.2801379
1730313834978,1,3,7.3850427,-13.869558,-1.8214123
1730313834988,1,3,6.666537,-13.958174,-2.2561083
1730313834998,1,3,4.1613464,-11.09852,-3.187771
1730313835008,1,3,3.4715807,-8.115523,-1.7603394
1730313835017,1,3,3.5242712,-5.126539,0.7316785
1730313835027,1,3,3.2560291,-4.2583447,-0.30416748
1730313835037,1,3,2.692002,-4.096681,5.550458
1730313835047,1,3,4.567302,-7.1096153,10.423125
1730313835057,1,3,8.558602,-6.7767076,18.039288
1730313835067,1,3,15.282619,-10.247091,17.332756
1730313835077,1,3,15.148499,-2.271676,30.480217
1730313835086,1,3,8.701106,1.8202149,22.708378
1730313835096,1,3,7.3287597,1.2274475,15.93167
1730313835106,1,3,3.8511915,-2.8357031,13.470787
1730313835116,1,3,2.0309765,-1.477727,17.986597
1730313835126,1,3,3.109933,-1.350791,12.463681
1730313835136,1,3,4.6319675,-1.1987072,2.3710694
1730313835145,1,3,3.6775525,-3.3841627,-3.923042
1730313835155,1,3,2.7542725,-7.5934095,-9.865086
1730313835165,1,3,3.5997143,-18.738632,-24.407644
1730313835175,1,3,0.75083864,-27.61697,-24.611221
1730313835185,1,3,-3.9170544,-26.927204,-9.212442
1730313835195,1,3,-7.179071,-19.47989,-11.611054
1730313835204,1,3,-5.5636306,-13.20973,-12.127181
1730313835214,1,3,-1.3950989,-9.951306,-7.6808276
1730313835224,1,3,1.2657678,-10.547666,-6.0222764
1730313835234,1,3,3.509901,-9.326206,-15.467036
1730313835244,1,3,4.775669,2.4525,4.1242237
1730313835254,1,3,-6.837781,1.1687695,-6.5108604
1730313835264,1,3,-6.516848,-2.6345215,-1.1795471
1730313835273,1,3,-1.0945239,-6.0881395,4.064348
1730313835283,1,3,6.1851377,-9.604029,7.252119
1730313835293,1,3,13.945002,-6.885681,25.92369
1730313835303,1,3,17.463285,-6.8006577,23.111938
1730313835313,1,3,7.7598634,-3.725453,25.421934
1730313835323,1,3,8.604108,1.1891272,22.888004
1730313835332,1,3,7.4293504,-0.64186525,13.839621
1730313835342,1,3,1.9160156,-1.3220508,21.580324
1730313835352,1,3,5.4438796,0.36045045,15.114968
1730313835362,1,3,6.0318565,-1.9016455,6.0007215
1730313835372,1,3,7.6664577,-0.7867639,2.1435425
1730313835382,1,3,6.929989,-4.8990126,-6.7144375
1730313835391,1,3,3.3111145,-12.211007,-15.179634
1730313835401,1,3,2.325564,-22.897585,-22.167103
1730313835411,1,3,-1.6525635,-28.26123,-18.15784
1730313835421,1,3,-10.390792,-25.146507,-12.330758
1730313835431,1,3,-11.383528,-18.071619,-14.532978
1730313835441,1,3,-5.771997,-11.666141,-9.317823
1730313835451,1,3,-0.39757323,-8.468789,-1.2693603
1730313835460,1,3,5.4534593,-9.588461,-20.719315
1730313835470,1,3,0.8107141,-7.3826475,-4.7253737
1730313835480,1,3,-8.975336,-1.6262183,-6.871311
1730313835490,1,3,-4.834347,0.49457154,-6.245013
1730313835500,1,3,-2.0597167,-2.6836195,-1.1735595
1730313835510,1,3,-0.4071533,-9.347761,2.3710694
1730313835519,1,3,4.179309,-10.996732,12.460089
1730313835529,1,3,9.3453665,-11.94516,25.74167
1730313835539,1,3,13.336666,-13.79651,23.357428
1730313835549,1,3,7.147936,-10.48779,24.82318
1730313835559,1,3,7.595804,-3.9398072,19.000887
1730313835569,1,3,7.225774,-1.9938538,14.1988735
1730313835578,1,3,6.6497717,0.88735473,17.60938
1730313835588,1,3,9.697434,-0.9196875,8.486752
1730313835598,1,3,9.793235,-1.3974938,4.614005
1730313835608,1,3,10.140512,-1.8166223,-2.8608508
1730313835618,1,3,8.103549,-6.0965223,-9.672286
1730313835628,1,3,5.259463,-8.87714,-12.943883
1730313835638,1,3,3.8990917,-19.07633,-15.366446
1730313835647,1,3,-6.1540027,-29.767698,-11.116483
1730313835657,1,3,-17.73033,-23.163431,-10.168056
1730313835667,1,3,-10.805131,-19.022442,-18.433268
1730313835677,1,3,-1.3783337,-9.81958,-14.707815
1730313835687,1,3,2.6608667,-6.940767,-5.889353
1730313835697,1,3,8.456814,-5.3552637,-16.044235
1730313835706,1,3,-2.574646,-5.0846267,-14.566509
1730313835716,1,3,-6.3611717,-4.0272255,-14.619199
1730313835726,1,3,-1.6118481,-3.7685633,-9.036408
1730313835736,1,3,1.9770886,-6.878496,-3.7266505
1730313835746,1,3,5.503755,-8.32868,4.9457154
1730313835756,1,3,2.5638685,-9.09868,16.271763
1730313835765,1,3,2.8225305,-7.3287597,27.587032
1730313835775,1,3,10.609937,-11.04104,25.860224
1730313835785,1,3,5.6462584,-5.85223,29.538973
1730313835795,1,3,3.432063,-1.648971,22.56228
1730313835805,1,3,4.014053,-0.6610254,18.877544
1730313835815,1,3,3.739823,-0.5173242,19.101479
1730313835824,1,3,6.365962,-1.5376025,11.88289
1730313835834,1,3,6.8976564,-2.5399182,3.9122643
1730313835844,1,3,7.6413097,-1.0059083,-2.1219873
1730313835854,1,3,9.101074,-7.96823,-10.977572
1730313835864,1,3,8.800499,-18.924248,-22.71197
1730313835874,1,3,3.5913317,-27.322382,-18.7542
1730313835884,1,3,-3.6583924,-24.903414,-11.714041
1730313835893,1,3,-13.272,-18.670374,-15.1628685
1730313835903,1,3,-11.115286,-12.052936,-13.007351
1730313835913,1,3,-0.0047900393,-5.9204884,-12.664864
1730313835923,1,3,7.8305163,-3.7553906,-5.647456
1730313835933,1,3,7.379055,-1.9423609,-18.958975
1730313835943,1,3,-4.5229945,-4.5457473,-16.01789
1730313835952,1,3,-4.740941,-5.166057,-12.440929
1730313835962,1,3,-0.1951941,-6.6844997,-4.343368
1730313835972,1,3,6.570736,-8.79571,1.7411792
1730313835982,1,3,5.0067883,-6.5599585,17.757872
1730313835992,1,3,2.0537293,-9.793235,17.327967
1730313836002,1,3,7.180269,-12.502002,32.33516
1730313836011,1,3,7.0748878,-14.501843,31.779514
1730313836021,1,3,0.71850586,-10.676997,26.478138
1730313836031,1,3,5.142107,-4.3912683,17.531544
1730313836041,1,3,5.252278,-1.9830762,13.879138
1730313836051,1,3,4.7529163,-1.4322217,15.244299
1730313836061,1,3,6.143225,-3.554209,10.15608
1730313836071,1,3,6.3743443,-2.191443,6.9970493
1730313836080,1,3,8.626861,-5.022356,-4.0823107
1730313836090,1,3,6.468948,-8.971744,-12.582235
1730313836100,1,3,4.0092626,-13.17141,-18.588943
1730313836110,1,3,2.6512866,-21.470152,-18.85
1730313836120,1,3,-5.0403185,-20.382814,-16.314873
1730313836130,1,3,-7.113208,-14.858701,-10.853031
1730313836139,1,3,-2.186653,-7.8616514,-12.95466
1730313836149,1,3,3.1111305,-4.367318,-10.508148
1730313836159,1,3,5.50615,-4.728966,-4.8594947
1730313836169,1,3,2.6848168,-3.9086719,-16.516054
1730313836179,1,3,-1.2921131,-4.1613464,-11.504477
1730313836189,1,3,0.72928345,-5.334906,-7.707173
1730313836198,1,3,0.7149133,-6.412665,-0.9448352
1730313836208,1,3,0.05029541,-7.242539,9.243578
1730313836218,1,3,2.7949877,-10.556048,13.751004
1730313836228,1,3,6.615044,-11.960728,26.370363
1730313836238,1,3,17.827328,-12.872032,27.364296
1730313836248,1,3,6.2521987,-8.93941,28.186985
1730313836258,1,3,0.7316785,-4.4499464,25.245901
1730313836267,1,3,3.3123121,-1.1484119,17.947079
1730313836277,1,3,-0.05149292,-2.6141639,18.02851
1730313836287,1,3,2.5854235,-2.8907886,20.484602
1730313836297,1,3,5.816305,-5.3241286,11.668535
1730313836307,1,3,6.4090724,-3.5961218,8.272397
1730313836317,1,3,5.391189,-0.91609496,3.3159046
1730313836326,1,3,5.9420433,-4.5397596,-10.044712
1730313836336,1,3,1.961521,-7.891589,-20.318148
1730313836346,1,3,-0.37362304,-17.13397,-16.538807
1730313836356,1,3,-2.8404932,-19.493065,-21.450993
1730313836366,1,3,-3.551814,-17.950672,-16.0131
1730313836376,1,3,-3.864364,-14.904206,-15.282619
1730313836385,1,3,-3.1554382,-10.778786,-19.372116
1730313836395,1,3,-0.05508545,-8.399334,-13.322296
1730313836405,1,3,5.7121215,-5.1768346,-6.8952613
1730313836415,1,3,0.082628176,-3.6571949,-16.076569
1730313836425,1,3,-1.3675561,-3.0440698,-10.04591
1730313836435,1,3,3.0153296,-5.989944,-1.3927039
1730313836445,1,3,4.902605,-6.671327,3.9290295
1730313836454,1,3,3.6500099,-6.8964586,12.497211
1730313836464,1,3,-0.8083191,-7.643705,16.466957
1730313836474,1,3,4.030818,-8.139474,21.357586
1730313836484,1,3,11.926,-5.7707996,22.733526
1730313836494,1,3,10.286609,1.9555335,22.71197
1730313836504,1,3,3.0105395,9.969269,19.484682
1730313836513,1,3,3.6775525,7.4485106,17.602196
1730313836523,1,3,2.9494665,4.4786863,15.942448
1730313836533,1,3,2.9530592,2.877616,19.24997
1730313836543,1,3,5.3684363,-3.3805702,17.019009
1730313836553,1,3,5.874983,-8.505912,15.637082
1730313836563,1,3,5.4486694,-11.6314125,12.134366
1730313836572,1,3,0.9472302,-9.629176,9.748927
1730313836582,1,3,-1.8190173,-7.5814342,7.242539
1730313836592,1,3,-3.547024,-7.702383,9.341774
1730313836602,1,3,-2.6536818,-4.694238,6.5551686
1730313836612,1,3,-0.122145995,-1.6956738,4.548142
1730313836622,1,3,1.3268409,1.7387842,2.8345056
1730313836632,1,3,2.2656884,3.8248463,-2.5518932
1730313836641,1,3,3.382965,5.043911,-6.514453
1730313836651,1,3,5.8486376,6.4893055,-10.380014
1730313836661,1,3,8.338261,4.966073,-9.340576
1730313836671,1,3,7.077283,0.52450925,-3.290757
1730313836681,1,3,5.415139,-1.7280066,-1.7639319
1730313836691,1,3,5.3408937,-4.023633,0.89334226
1730313836700,1,3,5.6330857,-7.3754625,1.775907
1730313836710,1,3,4.7696815,-9.071136,1.8250049
1730313836720,1,3,4.2272096,-7.191046,-1.4573693
1730313836730,1,3,4.472699,-5.7312818,-6.5946865
1730313836740,1,3,4.726571,-6.387517,-9.581276
1730313836750,1,3,4.103866,-5.290598,-15.293397
1730313836759,1,3,4.9936156,-5.1145644,-19.939735
1730313836769,1,3,4.6008325,-8.199349,-19.464323
1730313836779,1,3,3.0392797,-12.442126,-16.935183
1730313836789,1,3,2.8764184,-14.267132,-15.659835
1730313836799,1,3,4.86189,-15.023957,-12.2505245
1730313836809,1,3,5.391189,-16.053816,-12.809762
1730313836819,1,3,5.6666164,-13.618081,-11.099718
1730313836828,1,3,6.5910935,-12.049343,-9.533375
1730313836838,1,3,7.180269,-13.561798,-7.6904078
1730313836848,1,3,7.36229,-15.930472,-4.5852647
1730313836858,1,3,3.5554066,-17.771046,1.9519409
1730313836868,1,3,4.4319835,-12.543915,-1.7184265
1730313836878,1,3,4.655918,-5.522915,-0.50774413
1730313836887,1,3,2.6393116,-6.8533483,1.2765454
1730313836897,1,3,3.3961377,-12.792996,2.1710851
1730313836907,1,3,4.348158,-15.802339,0.9963281
1730313836917,1,3,5.604346,-17.4561,1.2801379
1730313836927,1,3,5.7133193,-19.484682,-2.4249573
1730313836937,1,3,5.84265,-20.386406,-4.6403503
1730313836946,1,3,5.0822315,-20.849842,-3.6559973
1730313836956,1,3,3.7506006,-21.094135,-1.778302
1730313836966,1,3,3.2524366,-21.644989,-7.0078273
1730313836976,1,3,2.1698878,-22.928719,-10.031539
1730313836986,1,3,3.6476147,-21.288132,-10.867401
1730313836996,1,3,4.822372,-12.005035,-4.748126
1730313837006,1,3,5.18881,3.685935,0.61791503
1730313837015,1,3,5.987549,7.870034,-1.83698
1730313837025,1,3,5.2870054,6.4940953,-2.46208
1730313837035,1,3,3.06802,-0.065863036,-2.44292
1730313837045,1,3,4.9385304,-2.8476782,-1.0250684
1730313837055,1,3,8.686736,-0.55923706,-0.10538086
1730313837065,1,3,9.2818985,1.475332,-0.30296996
1730313837074,1,3,3.4871485,7.5227566,-2.1327648
1730313837084,1,3,-0.95441526,9.7393465,-6.6964746
1730313837094,1,3,0.83825684,10.441088,-6.3671594
1730313837104,1,3,4.773274,8.56938,-7.7035804
1730313837114,1,3,8.134684,2.7051744,-9.178912
1730313837124,1,3,8.8388195,0.5388794,-10.529703
1730313837133,1,3,8.277187,-1.3759388,-11.437416
1730313837143,1,3,6.9766917,-8.277187,-14.550941
1730313837153,1,3,5.0403185,-10.303374,-12.393028
1730313837163,1,3,2.6692493,-19.423609,-10.071057
1730313837173,1,3,8.307125,-22.508394,-13.177398
1730313837183,1,3,13.449232,-32.91595,-15.246695
1730313837193,1,3,12.771441,-37.39943,-7.0784802
1730313837202,1,3,11.220667,-33.608112,0.38679564
1730313837212,1,3,7.8257265,-27.807375,4.071533
1730313837222,1,3,3.7170703,-20.507355,3.7793407
1730313837232,1,3,1.4202466,-13.137879,5.9540186
1730313837242,1,3,0.613125,-10.682984,8.885523
1730313837252,1,3,-0.69096315,-11.408675,8.147857
1730313837261,1,3,1.9136206,-15.100598,-2.445315
1730313837271,1,3,2.1902454,-13.19057,-8.611293
1730313837281,1,3,4.172124,-7.188651,-18.10994
1730313837291,1,3,5.0810337,6.715635,-14.853911
1730313837301,1,3,6.8509536,14.897021,-5.732479
1730313837311,1,3,3.8356237,12.63253,1.0609937
1730313837321,1,3,-0.55923706,4.6906457,7.865244
1730313837330,1,3,0.45744872,1.7483642,6.0103016
1730313837340,1,3,3.1446607,3.9972875,6.3348265
1730313837350,1,3,-0.20357665,6.524033,5.374424
1730313837360,1,3,-3.9098694,8.450827,11.176358
1730313837370,1,3,1.6872913,3.979325,-0.2969824
1730313837380,1,3,5.5265074,0.35206786,-2.6776319
1730313837389,1,3,6.8629284,0.42152345,-6.617439
1730313837399,1,3,9.012459,-0.857417,-2.003434
1730313837409,1,3,9.911788,-2.7375073,3.2308815
1730313837419,1,3,7.819739,-1.7399817,0.9340576
1730313837429,1,3,6.4809227,-2.083667,1.6010705
1730313837439,1,3,5.327721,-4.087101,-2.8788135
1730313837448,1,3,2.877616,-6.2031007,-3.5266662
1730313837458,1,3,3.3206947,-5.562433,-6.514453
1730313837468,1,3,5.677394,-4.8942223,-9.741742
1730313837478,1,3,5.710924,-3.6559973,-13.5941305
1730313837488,1,3,4.60203,-4.174519,-17.036972
1730313837498,1,3,3.4799633,-5.2570677,-18.881136
1730313837508,1,3,6.15041,-7.430548,-22.210213
1730313837517,1,3,5.659431,-11.971505,-21.90365
1730313837527,1,3,5.0726514,-16.543598,-16.159197
1730313837537,1,3,5.859415,-21.272564,-13.695919
1730313837547,1,3,3.7038977,-24.194487,-10.829081
1730313837557,1,3,5.261858,-20.52412,-6.7994604
1730313837567,1,3,7.984995,-17.035774,-4.997208
1730313837576,1,3,10.223141,-14.612014,-3.2847693
1730313837586,1,3,8.786129,-15.305372,3.4093103
1730313837596,1,3,4.5002418,-14.991625,3.4703834
1730313837606,1,3,1.9483484,-14.394068,2.7518775
1730313837616,1,3,2.7722352,-15.194004,6.5863037
1730313837626,1,3,1.9279907,-17.17229,6.3360243
1730313837635,1,3,1.6920813,-19.65832,3.554209
1730313837645,1,3,1.6381934,-23.267614,-0.4538562
1730313837655,1,3,3.9685473,-23.48676,0.37242553
1730313837665,1,3,3.2201037,-18.962566,3.0488598
1730313837675,1,3,0.29578492,-17.271683,-6.495293
1730313837685,1,3,-0.8705896,-12.264895,-8.414901
1730313837695,1,3,-0.26345214,-2.1710851,-4.6762757
1730313837704,1,3,5.909711,6.7683253,0.19160156
1730313837714,1,3,8.34784,0.14609618,1.7579443
1730313837724,1,3,8.065228,-3.5853443,0.5065466
1730313837734,1,3,2.5854235,-10.066267,-0.041912843
1730313837744,1,3,7.836504,-5.8330703,0.75682616
1730313837754,1,3,9.735754,-1.6453785,-1.1328442
1730313837763,1,3,12.919933,5.3540664,-0.7640112
1730313837773,1,3,5.9420433,9.126222,-4.115841
1730313837783,1,3,0.30057496,7.4964113,-7.7419004
1730313837793,1,3,4.1685314,8.844807,-5.853428
1730313837803,1,3,3.4620008,7.9981675,-7.0461473
1730313837813,1,3,3.8464015,4.7601013,-8.562195
1730313837822,1,3,6.1276574,-0.4394861,-8.93462
1730313837832,1,3,8.410111,0.6047424,-9.332193
1730313837842,1,3,8.064031,-0.5149292,-9.956097
1730313837852,1,3,8.139474,-4.580475,-10.819501
1730313837862,1,3,6.2617784,-10.6746025,-14.477893
1730313837872,1,3,3.5578015,-22.26051,-19.770885
1730313837882,1,3,12.740307,-27.143953,-14.683865
1730313837891,1,3,15.479012,-36.370766,-6.4018874
1730313837901,1,3,13.622871,-38.48437,-0.09220825
1730313837911,1,3,8.192164,-32.955467,7.0868626
1730313837921,1,3,2.5938063,-22.011427,6.8880763
1730313837931,1,3,-0.6370752,-12.87323,7.317982
1730313837941,1,3,-2.689607,-8.035291,7.460486
1730313837950,1,3,-3.0524523,-5.7097263,2.2321582
1730313837960,1,3,4.7840514,-4.884642,-4.5792775
1730313837970,1,3,10.352472,-0.5340893,-11.092533
1730313837980,1,3,12.889996,4.3397756,-11.104508
1730313837990,1,3,8.511899,5.1049843,-9.24717
1730313838000,1,3,-1.2346326,2.635719,-7.1371584
1730313838009,1,3,-10.256671,-3.1374755,-0.28620484
1730313838019,1,3,-5.943241,-11.975098,0.9508228
1730313838029,1,3,0.61911255,-17.37467,-1.0118958
1730313838039,1,3,5.1456995,-19.860699,-0.07304809
1730313838049,1,3,9.548943,-15.1137705,8.176597
1730313838059,1,3,3.5158887,-10.936856,6.918014
1730313838069,1,3,1.8333875,-7.470066,7.298822
1730313838078,1,3,3.0320947,-6.7276096,7.8257265
1730313838088,1,3,5.076244,-6.342012,10.784773
1730313838098,1,3,8.832832,-4.794829,13.028906
1730313838108,1,3,9.508227,-3.4751732,16.122074
1730313838118,1,3,6.053412,-4.5517344,18.084793
1730313838128,1,3,6.037844,-5.863008,17.965042
1730313838137,1,3,9.253158,-5.7660093,11.875705
1730313838147,1,3,12.910353,2.1183949,12.733121
1730313838157,1,3,10.881771,5.698949,9.681867
1730313838167,1,3,3.661985,3.234474,9.287886
1730313838177,1,3,-0.4754114,-0.42032593,9.354946
1730313838187,1,3,-0.009580079,-4.362528,5.466632
1730313838197,1,3,0.2802173,-5.9444385,1.035846
1730313838206,1,3,3.605702,-6.243816,-4.24637
1730313838216,1,3,4.3948607,-10.372829,-12.616962
1730313838226,1,3,1.7962646,-16.541203,-15.6059475
1730313838236,1,3,1.6908838,-22.140759,-18.438057
1730313838246,1,3,0.79993653,-25.565636,-9.465117
1730313838256,1,3,-10.575209,-26.051825,-4.5134144
1730313838265,1,3,-13.458813,-19.289488,-7.359895
1730313838275,1,3,-1.8537451,-14.358142,-4.1589513
1730313838285,1,3,6.4893055,-8.420889,-4.6104126
1730313838295,1,3,12.907958,-1.23104,-5.18881
1730313838305,1,3,4.6104126,-2.3758593,-4.648733
1730313838315,1,3,-1.404679,-5.7348742,1.9471508
1730313838324,1,3,-2.086062,-6.253396,4.362528
1730313838334,1,3,-0.82268924,-6.646179,7.253317
1730313838344,1,3,0.52570677,-7.6472974,7.450906
1730313838354,1,3,3.018922,-5.845045,12.770245
1730313838364,1,3,9.152567,-4.93374,13.776153
1730313838374,1,3,5.7276893,-5.22713,12.444522
1730313838384,1,3,2.4872277,-3.3374598,11.787088
1730313838393,1,3,3.6356397,-1.3651612,13.276791
1730313838403,1,3,6.7994604,-0.49696654,13.583353
1730313838413,1,3,7.5395217,-3.1231055,10.256671
1730313838423,1,3,5.0989966,-1.0669812,9.029223
1730313838433,1,3,5.612728,1.9950513,8.904682
1730313838443,1,3,5.940846,1.9938538,8.517887
1730313838452,1,3,4.0200405,1.7088464,7.0557275
1730313838462,1,3,1.5675403,4.470304,7.1658983
1730313838472,1,3,1.8130298,5.910908,7.3467226
1730313838482,1,3,2.9494665,4.567302,8.116721
1730313838492,1,3,3.333867,2.393822,7.941885
1730313838502,1,3,3.4488282,1.5795153,6.916816
1730313838512,1,3,4.076323,1.0286609,9.441167
1730313838521,1,3,3.5266662,1.3220508,6.4078746
1730313838531,1,3,2.7913952,2.13995,8.150251
1730313838541,1,3,2.3758593,1.289718,8.313113
1730313838551,1,3,1.2957056,1.3232483,8.205337
1730313838561,1,3,0.5903723,0.8202942,7.865244
1730313838571,1,3,-0.31374756,1.0190808,8.196955
1730313838580,1,3,-0.7688013,1.8609302,8.959768
1730313838590,1,3,-0.6753955,2.254911,8.828042
1730313838600,1,3,-1.2597803,2.8057654,9.3944645
1730313838610,1,3,-0.91489744,4.3936634,8.145461
1730313838620,1,3,0.57959473,4.28948,7.818541
1730313838630,1,3,0.0119750975,4.5864625,9.096284
1730313838639,1,3,-0.68976563,5.6833816,6.5527735
1730313838649,1,3,0.13771363,8.466394,5.083429
1730313838659,1,3,2.102827,8.82445,4.5445495
1730313838669,1,3,1.9279907,7.36229,7.1635036
1730313838679,1,3,1.096919,6.526428,10.575209
1730313838689,1,3,-0.25985962,6.6725245,11.169173
1730313838699,1,3,-2.2980213,8.158634,13.219311
1730313838708,1,3,-2.703977,9.821975,11.5188465
1730313838718,1,3,-2.0645068,11.494896,8.975336
1730313838728,1,3,-0.5137317,10.387199,8.1634245
1730313838738,1,3,-0.62031007,7.174281,6.2641735
1730313838748,1,3,-1.1771522,3.253634,5.8079224
1730313838758,1,3,-1.9100281,1.6884887,2.4644752
1730313838767,1,3,-2.0944445,2.9231215,0.5879773
1730313838777,1,3,-0.90531737,5.1373167,-2.0537293
1730313838787,1,3,1.219065,5.955216,-6.6006737
1730313838797,1,3,1.1975098,3.7027001,-10.183623
1730313838807,1,3,0.6610254,0.5999524,-13.5941305
1730313838817,1,3,1.9291883,-2.1279747,-19.712208
1730313838827,1,3,3.1051428,-4.9014072,-24.75133
1730313838836,1,3,5.1205516,-7.571854,-22.398222
1730313838846,1,3,8.037685,-8.686736,-22.878424
1730313838856,1,3,13.685142,-8.485554,-23.149061
1730313838866,1,3,16.774717,-9.624386,-23.587349
1730313838876,1,3,13.015734,-15.766414,-20.578009
1730313838886,1,3,7.4389305,-24.786057,-16.463364
1730313838895,1,3,4.3757005,-28.437263,-15.731686
1730313838905,1,3,0.33769774,-26.520052,-12.6469
1730313838915,1,3,-17.544716,-39.15857,3.935017
1730313838925,1,3,-1.5196398,-34.85831,-10.593171
1730313838935,1,3,11.65177,-22.381458,-3.730243
1730313838945,1,3,11.140433,-14.9940195,-0.305365
1730313838954,1,3,4.9529004,-14.176121,-1.0490185
1730313838964,1,3,1.5148499,-13.842015,-6.524033
1730313838974,1,3,2.0022364,-13.260026,-9.3309965
1730313838984,1,3,5.412744,-12.22897,-8.865165
1730313838994,1,3,6.149213,-12.6516905,-5.4534593
1730313839004,1,3,3.5554066,-8.679551,3.6571949
1730313839014,1,3,5.708529,-3.6727624,11.65656
1730313839023,1,3,2.215393,-13.530663,-5.7827744
1730313839033,1,3,4.372108,-20.186422,-1.8788928
1730313839043,1,3,6.2545934,-23.520288,2.098037
1730313839053,1,3,3.6703675,-24.35136,0.4790039
1730313839063,1,3,1.6693286,-21.91323,0.8083191
1730313839073,1,3,0.8957373,-21.022284,0.32332763
1730313839082,1,3,-0.91849,-20.83667,-5.9133034
1730313839092,1,3,2.0118165,-13.648019,-12.005035
1730313839102,1,3,7.1431456,-7.5670643,-5.86181
1730313839112,1,3,6.108497,-1.4897021,-1.9950513
1730313839122,1,3,3.0356872,5.5372853,-1.275348
1730313839132,1,3,0.9627979,16.536413,-2.2752686
1730313839141,1,3,6.2474084,28.18938,-0.33650026
1730313839151,1,3,7.3682775,25.553661,-1.9603235
1730313839161,1,3,1.2813355,15.849042,-3.2775843
1730313839171,1,3,-0.91130495,7.270082,-5.1780324
1730313839181,1,3,0.2945874,0.27183473,-6.8006577
1730313839191,1,3,-0.24548951,-2.9422815,-8.611293
1730313839201,1,3,0.9089099,-2.7866051,-10.999127
1730313839210,1,3,2.6800268,-4.2008643,-12.345128
1730313839220,1,3,5.5360875,-5.8151073,-14.594051
1730313839230,1,3,11.1320505,-7.228169,-14.901812
1730313839240,1,3,10.553654,-9.043593,-12.466077
1730313839250,1,3,6.301296,-11.439811,-12.765454
1730313839260,1,3,5.083429,-15.01797,-14.2132435
1730313839269,1,3,2.0369642,-21.878504,-7.644902
1730313839279,1,3,2.6848168,-21.672531,-5.3361034
1730313839289,1,3,6.236631,-20.75045,-6.835386
1730313839299,1,3,11.672128,-22.68802,-5.670209
1730313839309,1,3,14.098283,-19.511026,-8.590935
1730313839319,1,3,11.542797,-16.506475,-12.743899
1730313839328,1,3,9.3872795,-15.786771,-9.013656
1730313839338,1,3,7.946675,-13.210928,-5.003196
1730313839348,1,3,6.3432093,-11.38233,-0.3568579
1730313839358,1,3,3.8535864,-9.297466,4.5625124
1730313839368,1,3,1.3124707,-7.0952454,2.410587
1730313839378,1,3,1.7723144,-7.692803,4.9672704
1730313839388,1,3,4.555327,-7.388635,2.870431
1730313839397,1,3,7.0976405,-3.6991076,-4.6128078
1730313839407,1,3,3.424878,3.0560448,-5.722899
1730313839417,1,3,-7.2006264,6.3791347,-8.522677
1730313839427,1,3,-9.285491,-3.3123121,-6.598279
1730313839437,1,3,-6.0713744,-15.232325,7.2221813
1730313839447,1,3,-2.6345215,-24.701035,5.1133666
1730313839456,1,3,0.44786865,-24.786057,0.58558226
1730313839466,1,3,7.3191795,-16.583115,-2.020199
1730313839476,1,3,6.927594,-8.384963,-1.1579919
1730313839486,1,3,2.4297473,-5.0822315,-0.36284545
1730313839496,1,3,0.44906616,-5.2235374,1.475332
1730313839506,1,3,4.2739124,-1.7842896,13.961766
1730313839515,1,3,8.477172,-1.3471985,26.46257
1730313839525,1,3,12.190649,-6.0198817,18.834435
1730313839535,1,3,14.047987,-0.9364526,25.975183
1730313839545,1,3,11.583512,3.0764027,24.854315
1730313839555,1,3,3.4404457,1.4202466,16.780704
1730313839565,1,3,-4.3924656,1.3651612,19.743343
1730313839575,1,3,-0.93765014,-0.40116578,18.12431
1730313839584,1,3,2.880011,-2.8464806,11.457773
1730313839594,1,3,3.8404138,-1.8800904,3.3925452
1730313839604,1,3,5.3540664,-3.2524366,-9.835148
1730313839614,1,3,8.556208,-12.77743,-24.43878
1730313839624,1,3,9.517808,-29.801228,-29.90182
1730313839634,1,3,5.027146,-35.755245,-16.481327
1730313839643,1,3,1.1496093,-24.280708,-8.90588
1730313839653,1,3,-9.692644,-17.979412,-8.590935
1730313839663,1,3,-11.127261,-11.141631,-8.066425
1730313839673,1,3,-3.9002893,-10.504556,-7.156318
1730313839683,1,3,10.217154,-1.2717553,-17.732725
1730313839693,1,3,-0.10657837,3.6643798,-13.354629
1730313839702,1,3,-2.1782703,2.2585034,-9.825567
1730313839712,1,3,-1.275348,-5.0019984,-4.254752
1730313839722,1,3,-0.026345216,-7.9346995,0.52450925
1730313839732,1,3,-0.07304809,-7.9346995,8.926238
1730313839742,1,3,1.3340259,-4.768484,21.400698
1730313839752,1,3,5.181625,-3.0979578,31.344818
1730313839761,1,3,4.6152024,4.7469287,31.245424
1730313839771,1,3,4.5277843,10.848241,19.730171
1730313839781,1,3,0.8634045,15.093413,21.04863
1730313839791,1,3,2.6584716,12.743899,21.637804
1730313839801,1,3,7.9119473,0.64665526,10.715318
1730313839811,1,3,8.390951,-14.819183,6.6330066
1730313839821,1,3,3.98651,-24.171734,1.1603869
1730313839830,1,3,3.766168,-20.348085,-8.144264
1730313839840,1,3,11.441009,-16.32086,-15.007193
1730313839850,1,3,9.402846,-18.748213,-15.238312
1730313839860,1,3,2.4117846,-19.976858,-11.910432
1730313839870,1,3,0.9400452,-14.427598,-10.775193
1730313839880,1,3,-0.60833496,-9.5070305,-6.956334
1730313839889,1,3,-11.262579,-8.254435,-3.6212695
1730313839899,1,3,-2.9650342,-7.9119473,-9.806408
1730313839909,1,3,0.0490979,-4.8966174,-13.397739
1730313839919,1,3,-1.9363732,-7.5443115,-10.436297
1730313839929,1,3,-3.1518457,-12.947475,1.2011023
1730313839939,1,3,6.157595,-7.1191955,12.679234
1730313839949,1,3,-0.14250366,-4.348158,5.388794
1730313839958,1,3,-1.7747095,-2.9602442,10.643467
1730313839968,1,3,5.7133193,-1.7543519,16.025076
1730313839978,1,3,18.137484,0.59755737,25.718918
1730313839988,1,3,14.582076,3.0332923,24.493864
1730313839998,1,3,3.66917,1.4873071,15.259867
1730313840008,1,3,1.3591735,0.21914428,14.0899
1730313840017,1,3,1.9794836,-1.0753638,15.857425
1730313840027,1,3,5.5600376,-3.8044884,9.968071
1730313840037,1,3,6.3300366,-6.7288074,4.132606
1730313840047,1,3,9.114246,-10.993139,-5.3768187
1730313840057,1,3,10.145303,-20.385208,-17.217796
1730313840067,1,3,6.829398,-28.694729,-14.036012
1730313840076,1,3,-1.6346009,-23.61609,-8.763376
1730313840086,1,3,-7.570657,-14.977255,-10.12255
1730313840096,1,3,-7.2090087,-8.762179,-12.20023
1730313840106,1,3,-3.5649865,-6.774313,-8.580157
1730313840116,1,3,5.2486854,-4.430786,-3.7062926
1730313840126,1,3,10.254276,-3.69791,-8.419691
1730313840135,1,3,-0.63468015,-6.4713426,-7.026987
1730313840145,1,3,-1.0346484,-6.749165,2.459685
1730313840155,1,3,0.25506958,-5.945636,9.820778
1730313840165,1,3,2.4357347,-6.0737696,14.105468
1730313840175,1,3,4.484674,-5.613926,20.603155
1730313840185,1,3,9.878258,-9.82437,15.534097
1730313840195,1,3,13.978532,-12.361894,7.2652917
1730313840204,1,3,10.305769,-5.6019506,5.351671
1730313840214,1,3,5.86181,3.9972875,19.95171
1730313840224,1,3,5.277426,8.25683,5.7875648
1730313840234,1,3,3.4548156,11.0266695,13.083992
1730313840244,1,3,3.0249097,9.262738,10.720107
1730313840254,1,3,-2.4584875,11.617043,3.7086878
1730313840263,1,3,-2.46208,13.354629,8.365803
1730313840273,1,3,0.7604187,15.241904,5.619913
1730313840283,1,3,3.2596216,14.197676,-3.166216
1730313840293,1,3,6.3060865,9.0567665,-5.7875648
1730313840303,1,3,6.2234583,4.9361353,-5.557643
1730313840313,1,3,5.1205516,1.6262183,-5.0163684
1730313840322,1,3,3.937412,-1.2885205,-7.5610766
1730313840332,1,3,1.2933105,-1.0849439,-11.015892
1730313840342,1,3,0.7101233,-0.5005591,-13.042079
1730313840352,1,3,2.894381,-0.30296996,-19.346968
1730313840362,1,3,6.1695704,1.8860779,-25.67461
1730313840372,1,3,4.719386,-1.9363732,-29.039612
1730313840381,1,3,-2.0549269,-12.596605,-30.210777
1730313840391,1,3,-1.4106665,-18.424885,-26.899662
1730313840401,1,3,1.6908838,-19.05238,-19.776875
1730313840411,1,3,4.0655456,-24.653133,-17.515976
1730313840421,1,3,8.167017,-25.092619,-7.3443274
1730313840431,1,3,6.5455885,-26.654173,-1.6741186
1730313840441,1,3,5.9192905,-24.263943,-0.18202148
1730313840450,1,3,7.635322,-15.535295,2.1998255
1730313840460,1,3,5.805527,-10.365644,1.7184265
1730313840470,1,3,4.475094,-11.770324,-0.76161623
1730313840480,1,3,3.861969,-13.864768,2.5854235
1730313840490,1,3,3.145858,-17.820143,1.8190173
1730313840500,1,3,4.88584,-19.996017,5.540878
1730313840509,1,3,5.4678297,-21.688099,5.623506
1730313840519,1,3,4.677473,-24.540567,0.91609496
1730313840529,1,3,6.0126967,-26.4973,-1.2621753
1730313840539,1,3,7.5934095,-26.765541,-1.0035132
1730313840549,1,3,3.9038818,-23.036495,2.7099645
1730313840559,1,3,-0.7472461,-16.785494,-9.818382
1730313840568,1,3,-0.4897815,-6.9431615,-6.1791506
1730313840578,1,3,1.2537928,6.495293,1.4489868
1730313840588,1,3,9.8519125,7.9933777,0.6227051
1730313840598,1,3,2.6800268,-4.054768,-2.0549269
1730313840608,1,3,6.532416,-5.1121693,1.7471668
1730313840618,1,3,7.037765,-10.305769,4.042793
1730313840628,1,3,11.0266695,-4.531377,3.7649708
1730313840637,1,3,8.121511,0.083825685,2.8392956
1730313840647,1,3,3.485951,7.5862246,-1.3052857
1730313840657,1,3,0.6262976,11.838581,-5.142107
1730313840667,1,3,1.1029065,11.506871,-6.468948
1730313840677,1,3,1.0945239,11.975098,-4.918173
1730313840687,1,3,6.3288393,8.62207,-5.139712
1730313840696,1,3,4.6547203,6.9443593,-6.6413894
1730313840706,1,3,8.740623,5.7636147,-6.5719337
1730313840716,1,3,5.764812,-1.4849122,-8.137079
1730313840726,1,3,0.5292993,-3.1734009,-7.1287756
1730313840736,1,3,2.4680676,-4.6032276,-6.4306273
1730313840746,1,3,3.3841627,-15.96041,-9.219627
1730313840755,1,3,-0.6478528,-19.549347,-8.079598
1730313840765,1,3,-2.0094213,-28.748617,-0.89932984
1730313840775,1,3,2.9051588,-31.535223,6.9383717
1730313840785,1,3,8.477172,-36.67733,8.563393
1730313840795,1,3,3.2356713,-34.36853,11.553575
1730313840805,1,3,0.83346677,-24.15976,12.721147
1730313840814,1,3,0.98195803,-19.835552,9.983639
1730313840824,1,3,2.2321582,-19.059565,5.22713
1730313840834,1,3,0.89932984,-19.311043,2.9111462
1730313840844,1,3,1.4968872,-22.097649,2.703977
1730313840854,1,3,2.499203,-24.619604,1.4453943
1730313840864,1,3,2.9087512,-27.117609,-5.386399
1730313840873,1,3,2.7913952,-22.619762,-6.941964
1730313840883,1,3,4.4020457,-13.328283,-9.969269
1730313840893,1,3,6.1108923,-1.6334033,-11.972703
1730313840903,1,3,8.931027,14.390475,-4.4104285
1730313840913,1,3,9.711804,21.073776,0.14489868
1730313840923,1,3,3.7925134,18.839224,-2.1291723
1730313840933,1,3,0.7113208,15.461048,1.6992663
1730313840942,1,3,2.821333,11.868519,4.2152343
1730313840952,1,3,6.1863356,8.095166,3.913462
1730313840962,1,3,8.56938,2.6153612,4.827162
1730313840972,1,3,6.774313,-3.6607873,5.4726195
1730313840982,1,3,3.011737,-6.1611876,6.6725245
1730313840992,1,3,0.15567628,-2.3016138,6.246211
1730313841001,1,3,0.3676355,3.8368213,5.7935524
1730313841011,1,3,1.0717713,6.8401756,5.562433
1730313841021,1,3,0.18920654,6.7276096,4.143384
1730313841031,1,3,-0.25267455,6.5216384,4.7744713
1730313841041,1,3,0.3556604,4.629573,5.574408
1730313841051,1,3,1.3304334,2.6153612,6.0031166
1730313841060,1,3,1.3172607,1.1220666,7.6544824
1730313841070,1,3,0.49936157,-0.17483643,8.980125
1730313841080,1,3,-0.366438,-0.7484436,9.326206
1730313841090,1,3,-0.9316626,-0.45984375,9.667497
1730313841100,1,3,-1.0154883,0.6598279,9.7321615
1730313841110,1,3,-0.8634045,1.9291883,9.210048
1730313841119,1,3,-0.6514453,3.3506324,8.722661
1730313841129,1,3,-0.305365,4.567302,8.2712
1730313841139,1,3,-0.2838098,5.302573,7.8736267
1730313841149,1,3,-0.47062135,5.6438637,7.4808435
1730313841159,1,3,-1.0382409,5.564828,7.387438
1730313841169,1,3,-2.7890003,4.8451247,6.7407823
1730313841178,1,3,-5.2355127,4.366121,6.387517
1730313841188,1,3,-0.068258055,6.9096313,8.426876
1730313841198,1,3,0.7161108,5.7636147,7.589817
1730313841208,1,3,-1.0502161,4.7253737,7.8963795
1730313841218,1,3,-1.5052698,5.271438,8.630453
1730313841228,1,3,-1.0442286,5.805527,8.662786
1730313841238,1,3,-1.1029065,5.725294,8.61728
1730313841247,1,3,-1.4429992,5.4750147,8.903485
1730313841257,1,3,-1.3328284,4.9540977,9.083112
1730313841267,1,3,-1.167572,5.0894165,9.436377
1730313841277,1,3,-0.50894165,3.979325,8.81008
1730313841287,1,3,-1.1196716,3.610492,8.24725
1730313841297,1,3,-1.8764977,3.9386096,8.576565
1730313841306,1,3,-2.2309606,4.0823107,8.041278
1730313841316,1,3,-1.6645386,5.2355127,7.33355
1730313841326,1,3,-1.4477893,5.8294773,7.2173915
1730313841336,1,3,-0.18920654,6.030659,7.443721
1730313841346,1,3,0.17004639,5.003196,7.904762
1730313841356,1,3,0.13052857,3.7793407,8.235274
1730313841365,1,3,-0.4071533,2.4740553,8.82924
1730313841375,1,3,-0.68497556,2.2357507,9.3309965
1730313841385,1,3,-0.5891748,2.0764818,9.363329
1730313841395,1,3,-0.05987549,1.0765613,10.116563
1730313841405,1,3,1.4861096,0.8430469,10.947635
1730313841415,1,3,1.773512,2.6285338,9.990824
1730313841424,1,3,0.671803,2.4273522,9.25675
1730313841434,1,3,0.1484912,3.194956,9.084309
1730313841444,1,3,0.50894165,4.430786,8.138276
1730313841454,1,3,0.8825647,6.964717,7.3131924
1730313841464,1,3,-1.4465919,3.9529798,7.289242
1730313841474,1,3,-0.42032593,3.4152977,7.266489
1730313841484,1,3,0.30776,3.7613783,7.037765
1730313841493,1,3,0.5173242,3.8607714,7.0401597
1730313841503,1,3,-0.47421387,4.221222,6.688092
1730313841513,1,3,0.4670288,4.4427614,7.100035
1730313841523,1,3,0.05508545,4.628375,6.763535
1730313841533,1,3,-0.034727782,4.7086086,7.453301
1730313841543,1,3,0.026345216,3.1410682,7.500004
1730313841552,1,3,-0.29937744,3.3422499,8.21851
1730313841562,1,3,1.3950989,3.065625,8.747808
1730313841572,1,3,1.1436218,3.1494508,8.490344
1730313841582,1,3,1.5124549,3.5865417,7.988588
1730313841592,1,3,0.34847534,0.3903882,7.6484947
1730313841602,1,3,3.3721876,3.6068995,8.462802
1730313841611,1,3,3.7613783,5.20318,7.7502832
1730313841621,1,3,2.5123756,5.3612514,7.897577
1730313841631,1,3,-1.839375,2.3519092,7.1994286
1730313841641,1,3,1.5507752,-0.98674804,11.087743
1730313841651,1,3,-5.5025573,1.162782,7.4556956
1730313841661,1,3,-3.5805542,4.3445654,5.8809705
1730313841670,1,3,0.7244934,8.595725,6.0617943
1730313841680,1,3,1.1220666,7.5670643,6.0546093
1730313841690,1,3,0.2323169,4.463119,6.553971
1730313841700,1,3,-0.33410522,3.5925293,7.749086
1730313841710,1,3,-1.0047107,3.38536,7.7419004
1730313841720,1,3,-1.2058923,4.1757164,8.440049
1730313841730,1,3,-1.1735595,4.350553,8.394544
1730313841739,1,3,-0.7161108,4.2152343,8.321495
1730313841749,1,3,0.11256592,4.172124,8.369396
1730313841759,1,3,0.55324954,3.749403,9.24717
1730313841769,1,3,0.2802173,3.800896,8.90109
1730313841779,1,3,0.43349853,3.556604,8.296348
1730313841789,1,3,-0.8921448,4.794829,9.0639515
1730313841798,1,3,1.658551,4.528982,7.771838
1730313841808,1,3,3.803291,6.046227,7.4413257
1730313841818,1,3,3.7074902,6.5192432,7.139553
1730313841828,1,3,2.0645068,5.2917957,7.644902
1730313841838,1,3,1.8262024,5.2139573,7.68442
1730313841848,1,3,1.8525476,5.419929,7.3610926
1730313841857,1,3,2.0585194,5.5289025,6.6964746
1730313841867,1,3,2.6464965,5.4091516,7.205416
1730313841877,1,3,2.1112096,4.90021,7.101233
1730313841887,1,3,1.6920813,4.150569,8.017328
1730313841897,1,3,1.6202307,3.8164637,8.396938
1730313841907,1,3,1.5986755,3.9757323,8.29515
1730313841916,1,3,1.7519568,3.8320312,8.618478
1730313841926,1,3,2.0752845,4.02962,8.374186
1730313841936,1,3,2.1818628,4.5613146,8.133487
1730313841946,1,3,1.775907,4.6319675,7.995773
1730313841956,1,3,1.0442286,4.555327,7.7299256
1730313841966,1,3,0.015567627,4.687053,7.443721
1730313841975,1,3,-0.10178833,4.3050475,7.274872
1730313841985,1,3,-0.07065307,4.5325747,7.1263804
1730313841995,1,3,0.3436853,4.905,7.100035
1730313842005,1,3,0.5029541,5.012776,7.521559
1730313842015,1,3,0.34967285,5.051096,7.7047777
1730313842025,1,3,-0.08981323,5.295388,7.667655
1730313842034,1,3,-0.34009278,5.3696337,7.66047
1730313842044,1,3,-0.39877075,5.3875966,7.5742493
1730313842054,1,3,-0.20836669,5.0259485,7.4389305
1730313842064,1,3,0.22872436,5.045109,7.3419323
1730313842074,1,3,0.43110353,5.51573,7.2640944
1730313842084,1,3,0.35326537,5.5049524,7.38624
1730313842094,1,3,0.11376343,5.1864147,7.4389305
1730313842103,1,3,0.038320314,5.0008006,7.556287
1730313842113,1,3,0.04790039,4.8259645,7.7862086
1730313842123,1,3,0.31374756,4.7696815,8.122708
1730313842133,1,3,0.43349853,4.7349534,8.176597
1730313842143,1,3,0.51971924,4.6547203,8.370593
1730313842153,1,3,0.28979737,4.511019,8.434061
1730313842162,1,3,0.17363891,4.325405,8.563393
1730313842172,1,3,0.20118164,4.263135,8.721463
1730313842182,1,3,0.18800904,4.4691067,8.523874
1730313842192,1,3,0.24189697,4.691843,8.453221
1730313842202,1,3,0.07783814,4.7696815,8.52627
1730313842212,1,3,0.05029541,4.88584,8.177794
1730313842221,1,3,0.09220825,5.0942063,8.086783
1730313842231,1,3,0.13292359,5.0067883,7.853269
1730313842241,1,3,-0.11615845,4.8750625,7.782616
1730313842251,1,3,0.35925293,4.7445335,7.8029737
1730313842261,1,3,0.40116578,4.9936156,7.7538757
1730313842271,1,3,0.26464966,4.719386,7.8796144
1730313842280,1,3,0.26464966,5.0091834,7.828121
1730313842290,1,3,-0.78915894,4.2763076,6.4940953
1730313842300,1,3,0.23830444,5.245093,7.8939843
1730313842310,1,3,0.043110352,4.8918276,7.66047
1730313842320,1,3,-0.1580713,4.9996033,7.6461
1730313842330,1,3,-0.20357665,5.3061657,7.6161623
1730313842339,1,3,-0.25985962,5.327721,7.521559
1730313842349,1,3,-0.10178833,5.116959,7.5299416
1730313842359,1,3,-0.026345216,5.1480947,7.7119627
1730313842369,1,3,0.069455564,5.210365,7.7502832
1730313842379,1,3,-0.20836669,4.9529004,7.2413416
1730313842389,1,3,-1.353186,5.039121,6.9335814
1730313842399,1,3,-1.1220666,5.118157,6.7779055
1730313842408,1,3,-0.6646179,4.8582973,6.709647
1730313842418,1,3,-1.0298584,5.3899913,6.8749037
1730313842428,1,3,-0.64186525,6.3719497,6.5719337
1730313842438,1,3,1.0789562,6.615044,5.550458
1730313842448,1,3,3.0225146,6.9695067,5.6905665
1730313842458,1,3,4.829557,6.7803,6.0761647
1730313842467,1,3,4.1397915,7.37187,6.394702
1730313842477,1,3,3.8068836,7.147936,6.4018874
1730313842487,1,3,2.5375233,6.3623695,7.1263804
1730313842497,1,3,1.3268409,5.9228835,7.340735
1730313842507,1,3,1.289718,5.3408937,7.479646
1730313842517,1,3,1.8872753,4.870272,7.787406
1730313842526,1,3,1.7256116,4.436774,8.361013
1730313842536,1,3,1.1903247,4.24637,8.459209
1730313842546,1,3,1.6178356,4.069138,8.273595
1730313842556,1,3,2.1962328,4.181704,8.183782
1730313842566,1,3,2.445315,4.380491,7.902367
1730313842576,1,3,2.9291089,5.124144,7.732321
1730313842585,1,3,3.185376,5.4750147,7.618557
1730313842595,1,3,2.499203,5.716912,7.533534
1730313842605,1,3,1.9208057,5.5684204,7.369475
1730313842615,1,3,1.3148657,5.4750147,7.1826634
1730313842625,1,3,0.69096315,5.4905825,7.1144056
1730313842635,1,3,0.671803,5.271438,7.139553
1730313842644,1,3,0.038320314,5.2977834,7.4640784
1730313842654,1,3,-0.9316626,5.8222923,7.2832546
1730313842664,1,3,-1.299298,5.960006,6.643784
1730313842674,1,3,4.1026683,6.0330544,3.9996827
1730313842684,1,3,-1.5040723,4.9157777,6.1587925
1730313842694,1,3,-3.3925452,5.027146,7.3754625
1730313842703,1,3,-2.5099804,5.139712,7.218589
1730313842713,1,3,-0.49936157,5.363646,7.425758
1730313842723,1,3,1.2274475,5.6630235,7.5586815
1730313842733,1,3,2.1195922,5.9779687,7.5670643
1730313842743,1,3,1.6118481,5.9540186,7.4389305
1730313842753,1,3,0.5233118,5.4331017,7.444918
1730313842763,1,3,-0.11855347,4.973258,7.556287
1730313842772,1,3,-0.38799316,4.8187795,7.682025
1730313842782,1,3,-0.17483643,4.9612827,7.773036
1730313842792,1,3,0.90531737,5.2486854,7.658075
1730313842802,1,3,1.0442286,5.5049524,7.5191636
1730313842812,1,3,1.3136683,5.7923546,7.644902
1730313842822,1,3,1.1196716,5.7001467,7.543114
1730313842831,1,3,0.4646338,5.5456676,7.550299
1730313842841,1,3,-0.19160156,5.17444,7.523954
1730313842851,1,3,-0.48259643,5.180427,7.533534
1730313842861,1,3,-0.21674927,5.4187317,7.479646
1730313842871,1,3,-2.999762,5.2043777,7.444918
1730313842881,1,3,-1.0071057,5.845045,7.0964427
1730313842890,1,3,0.75203615,5.703739,7.3119946
1730313842900,1,3,1.0621911,6.1132874,7.1635036
1730313842910,1,3,1.2837305,6.177953,6.8329906
1730313842920,1,3,1.0514135,6.270161,6.8246083
1730313842930,1,3,0.96519285,5.988746,7.076085
1730313842940,1,3,1.035846,5.811515,7.235354
1730313842949,1,3,0.7735913,5.806725,7.2712793
1730313842959,1,3,0.41074586,5.708529,7.331155
1730313842969,1,3,0.36164796,5.739664,7.2652917
1730313842979,1,3,0.39877075,5.726492,7.1527257
1730313842989,1,3,0.55803955,5.8498354,7.157516
1730313842999,1,3,0.32692015,5.8737855,7.077283
1730313843008,1,3,0.26225463,5.605543,7.167096
1730313843018,1,3,0.13891113,5.415139,7.2161937
1730313843028,1,3,0.08981323,5.4654346,7.129973
1730313843038,1,3,0.27662477,5.5360875,7.1275783
1730313843048,1,3,0.40236327,5.604346,7.1587133
1730313843058,1,3,0.49936157,5.909711,7.101233
1730313843068,1,3,0.34847534,5.7851696,7.1431456
1730313843077,1,3,0.39757323,5.7312818,7.3563023
1730313843087,1,3,0.42511597,5.6510487,7.3203773
1730313843097,1,3,0.42751098,5.6785913,7.4497085
1730313843107,1,3,0.48259643,5.755232,7.3563023
1730313843117,1,3,0.28620484,5.8318725,7.2652917
1730313843127,1,3,0.20597167,5.884563,7.186256
1730313843136,1,3,0.2969824,5.853428,7.108418
1730313843146,1,3,0.24668701,5.845045,7.1191955
1730313843156,1,3,0.20836669,5.8642054,7.1527257
1730313843166,1,3,0.2335144,5.812712,7.213799
1730313843176,1,3,0.2706372,5.6270986,7.2221813
1730313843186,1,3,0.26584718,5.743257,7.32397
1730313843195,1,3,0.0,5.6390734,7.33355
1730313843205,1,3,-0.8083191,5.457052,5.1504893
1730313843215,1,3,0.13052857,5.606741,9.321416
1730313843225,1,3,1.4142591,5.0726514,7.195836
1730313843235,1,3,1.0645862,6.021079,7.5658665
1730313843245,1,3,0.8849597,5.821095,7.701185
1730313843254,1,3,0.9508228,5.769602,7.7670484
1730313843264,1,3,-0.20956421,5.6438637,7.2389464
1730313843274,1,3,-0.04790039,5.2307224,7.5862246
1730313843284,1,3,-0.37122804,5.445077,7.3119946
1730313843294,1,3,-0.41433838,5.7947497,7.1599107
1730313843304,1,3,0.1353186,5.8833656,7.1730833
1730313843313,1,3,0.5939648,5.8031325,6.941964
1730313843323,1,3,0.05508545,6.037844,6.9527416
1730313843333,1,3,-0.039517824,5.9300685,7.084468
1730313843343,1,3,0.42152345,5.548063,7.2640944
1730313843353,1,3,0.71730834,5.6833816,7.379055
1730313843363,1,3,0.6933582,5.874983,7.547904
1730313843372,1,3,0.4514612,5.7863674,7.3491173
1730313843382,1,3,0.17363891,5.5528526,7.3922276
1730313843392,1,3,-0.029937744,5.597161,7.394623
1730313843402,1,3,0.09101074,5.812712,7.340735
1730313843412,1,3,0.0742456,5.769602,7.1024303
1730313843422,1,3,0.13771363,5.7360716,7.325167
1730313843432,1,3,0.07544312,5.6666164,7.284452
1730313843441,1,3,-0.019160157,5.676196,7.404203
1730313843451,1,3,-0.07783814,5.555248,7.359895
1730313843461,1,3,-0.008382568,5.5708156,7.608977
1730313843471,1,3,-0.11615845,5.51573,7.5778418
1730313843481,1,3,-0.1580713,5.442682,7.5526943
1730313843491,1,3,-0.05987549,5.3384986,7.5538917
1730313843500,1,3,0.0,5.400769,7.509584
1730313843510,1,3,-0.026345216,5.4247193,7.442523
1730313843520,1,3,0.017962646,5.469027,7.3934255
1730313843530,1,3,0.0981958,5.6654186,7.339537
1730313843540,1,3,0.18082398,5.6630235,7.359895
1730313843550,1,3,0.1101709,5.6390734,7.296427
1730313843559,1,3,0.24548951,5.550458,7.369475
1730313843569,1,3,0.2203418,5.6462584,7.4269557
1730313843579,1,3,0.22393432,5.484595,7.4856334
1730313843589,1,3,0.2562671,5.381609,7.428153
1730313843599,1,3,0.15328126,5.5851855,7.3982153
1730313843609,1,3,0.17842895,5.684579,7.5251513
1730313843618,1,3,0.11615845,5.629493,7.4006104
1730313843628,1,3,0.07783814,5.611531,7.4473133
1730313843638,1,3,0.10178833,5.612728,7.3850427
1730313843648,1,3,0.14370117,5.645061,7.465276
1730313843658,1,3,0.16525635,5.53968,7.521559
1730313843668,1,3,0.30416748,5.4319043,7.1383557
1730313843677,1,3,0.12813355,5.6738014,7.4077954
1730313843687,1,3,-0.085023195,5.5588403,7.237749
1730313843697,1,3,-0.1472937,5.412744,7.3371425
1730313843707,1,3,-0.08741821,5.435497,7.4664736
1730313843717,1,3,-0.17483643,5.447472,7.5443115
1730313843727,1,3,-0.1580713,5.381609,7.3826475
1730313843737,1,3,-0.124541014,5.395979,7.5778418
1730313843746,1,3,-0.14489868,5.3708315,7.601792
1730313843756,1,3,-0.11496094,5.18881,7.4976087
1730313843766,1,3,-0.014370117,5.300178,7.486831
1730313843776,1,3,-0.021555176,5.278623,7.489226
1730313843786,1,3,0.008382568,5.4187317,7.5251513
1730313843796,1,3,0.07304809,5.3947816,7.5023985
1730313843805,1,3,0.08981323,5.3828063,7.573052
1730313843815,1,3,0.17603393,5.2989807,7.5359287
1730313843825,1,3,0.12573853,5.356461,7.5131764
1730313843835,1,3,0.03592529,5.278623,7.6472974
1730313843845,1,3,0.14609618,5.332511,7.4856334
1730313843855,1,3,0.14489868,5.4319043,7.5467067
1730313843864,1,3,0.104183346,5.3947816,7.538324
1730313843874,1,3,0.12933105,5.428312,7.5754466
1730313843884,1,3,0.040715333,5.421127,7.516769
1730313843894,1,3,0.013172608,5.483397,7.4664736
1730313843904,1,3,-0.04430786,5.5384827,7.369475
1730313843914,1,3,0.014370117,5.542075,7.32397
1730313843923,1,3,-0.10178833,5.5025573,7.308402
1730313843933,1,3,-0.05628296,5.557643,7.310797
1730313843943,1,3,-0.062270507,5.637876,7.2569094
1730313843953,1,3,-0.05867798,5.6163206,7.310797
1730313843963,1,3,-0.07664063,5.6103334,7.387438
1730313843973,1,3,-0.11136841,5.5756054,7.33355
1730313843982,1,3,-0.05149292,5.7564297,7.2006264
1730313843992,1,3,-0.031135254,5.715714,7.235354
1730313844002,1,3,-0.081430666,5.3384986,7.380253
1730313844012,1,3,-0.068258055,5.061874,7.460486
1730313844022,1,3,-0.09340576,5.0475035,7.460486
1730313844032,1,3,-0.05029541,5.205575,7.350315
1730313844041,1,3,-0.04550537,5.3384986,7.418573
1730313844051,1,3,-0.04790039,5.2810183,7.4054003
1730313844061,1,3,0.017962646,5.405559,7.452103
1730313844071,1,3,-0.0047900393,5.461842,7.435338
1730313844081,1,3,0.10538086,5.572013,7.408993
1730313844091,1,3,0.25387207,5.503755,7.498806
1730313844100,1,3,0.3568579,5.3899913,7.5275464
1730313844110,1,3,0.065863036,5.310956,7.69879
1730313844120,1,3,0.10657837,5.357659,7.6484947
1730313844130,1,3,0.16046631,5.395979,7.5814342
1730313844140,1,3,0.16405883,5.464237,7.516769
1730313844150,1,3,0.034727782,5.4654346,7.509584
1730313844159,1,3,0.15328126,5.6103334,7.500004
1730313844169,1,3,0.09699829,5.676196,7.374265
1730313844179,1,3,-0.3796106,5.1385145,5.7001467
1730313844189,1,3,-0.5999524,5.442682,10.164463
1730313844199,1,3,0.5113367,4.1146436,7.1587133
1730313844209,1,3,0.49816406,5.2043777,8.053253
1730313844218,1,3,0.43349853,5.3504734,7.3191795
1730313844228,1,3,0.7711963,5.9779687,7.946675
1730313844238,1,3,0.68976563,6.2474084,7.582632
1730313844248,1,3,-0.6706055,5.788762,7.267687
1730313844258,1,3,-0.852627,5.5241127,7.540719
1730313844268,1,3,-0.7532337,5.3947816,7.235354
1730313844277,1,3,-0.50774413,5.3852015,7.3263645
1730313844287,1,3,-0.22513184,5.4606447,7.3191795
1730313844297,1,3,-0.10897339,5.478607,7.3215747
1730313844307,1,3,-0.12813355,5.50615,7.459288
